x analitic dft/fft
0.000000000000000e+00 -0.000000000000000e+00 -1.387778780781446e-17
1.000000000000000e-03 -9.994998332499502e-07 -9.994998345363992e-07
2.000000000000000e-03 -3.995997330663463e-06 -3.995997331390777e-06
3.000000000000000e-03 -8.986486479713477e-06 -8.986486481690759e-06
4.000000000000000e-03 -1.596795724779465e-05 -1.596795724764788e-05
5.000000000000000e-03 -2.493739557213280e-05 -2.493739557318797e-05
6.000000000000000e-03 -3.589178334965782e-05 -3.589178335018650e-05
7.000000000000000e-03 -4.882809842683996e-05 -4.882809842866875e-05
8.000000000000000e-03 -6.374331458948917e-05 -6.374331458944282e-05
8.999999999999999e-03 -8.063440155251749e-05 -8.063440155370305e-05
1.000000000000000e-02 -9.949832494966428e-05 -9.949832495033395e-05
1.100000000000000e-02 -1.203320463231839e-04 -1.203320463251528e-04
1.200000000000000e-02 -1.431325231134961e-04 -1.431325231132374e-04
1.300000000000000e-02 -1.678967086487983e-04 -1.678967086497507e-04
1.400000000000000e-02 -1.946215521346406e-04 -1.946215521352046e-04
1.500000000000000e-02 -2.233039986434617e-04 -2.233039986452440e-04
1.600000000000000e-02 -2.539409891040879e-04 -2.539409891040012e-04
1.700000000000000e-02 -2.865294602911920e-04 -2.865294602923674e-04
1.800000000000000e-02 -3.210663448147154e-04 -3.210663448153517e-04
1.900000000000000e-02 -3.575485711092500e-04 -3.575485711111437e-04
2.000000000000000e-02 -3.959730634233812e-04 -3.959730634232328e-04
2.100000000000000e-02 -4.363367418089928e-04 -4.363367418099146e-04
2.200000000000000e-02 -4.786365221105309e-04 -4.786365221109840e-04
2.300000000000000e-02 -5.228693159542307e-04 -5.228693159560066e-04
2.400000000000000e-02 -5.690320307372999e-04 -5.690320307371738e-04
2.500000000000000e-02 -6.171215696170657e-04 -6.171215696181148e-04
2.600000000000000e-02 -6.671348315000797e-04 -6.671348315006737e-04
2.700000000000000e-02 -7.190687110311835e-04 -7.190687110330135e-04
2.800000000000000e-02 -7.729200985825322e-04 -7.729200985822360e-04
2.900000000000000e-02 -8.286858802425791e-04 -8.286858802434155e-04
3.000000000000000e-02 -8.863629378050187e-04 -8.863629378054322e-04
3.100000000000000e-02 -9.459481487576881e-04 -9.459481487593679e-04
3.200000000000000e-02 -1.007438386271428e-03 -1.007438386271611e-03
3.300000000000000e-02 -1.070830519188900e-03 -1.070830519190338e-03
3.400000000000000e-02 -1.136121412013368e-03 -1.136121412014288e-03
3.500000000000000e-02 -1.203307924897430e-03 -1.203307924899533e-03
3.600000000000000e-02 -1.272386913631709e-03 -1.272386913631754e-03
3.700000000000000e-02 -1.343355229633513e-03 -1.343355229634691e-03
3.800000000000000e-02 -1.416209719935436e-03 -1.416209719936154e-03
3.900000000000000e-02 -1.490947227173922e-03 -1.490947227175909e-03
4.000000000000000e-02 -1.567564589577797e-03 -1.567564589577963e-03
4.100000000000000e-02 -1.646058640956739e-03 -1.646058640958126e-03
4.200000000000000e-02 -1.726426210689722e-03 -1.726426210690676e-03
4.300000000000000e-02 -1.808664123713400e-03 -1.808664123715525e-03
4.400000000000000e-02 -1.892769200510469e-03 -1.892769200510402e-03
4.500000000000000e-02 -1.978738257097957e-03 -1.978738257099141e-03
4.600000000000000e-02 -2.066568105015497e-03 -2.066568105016153e-03
4.700000000000000e-02 -2.156255551313534e-03 -2.156255551315545e-03
4.800000000000000e-02 -2.247797398541506e-03 -2.247797398541668e-03
4.900000000000000e-02 -2.341190444735962e-03 -2.341190444737393e-03
5.000000000000000e-02 -2.436431483408651e-03 -2.436431483409524e-03
5.100000000000000e-02 -2.533517303534552e-03 -2.533517303536653e-03
5.200000000000000e-02 -2.632444689539873e-03 -2.632444689539895e-03
5.300000000000000e-02 -2.733210421289988e-03 -2.733210421291182e-03
5.400000000000000e-02 -2.835811274077339e-03 -2.835811274077976e-03
5.500000000000000e-02 -2.940244018609294e-03 -2.940244018611260e-03
5.600000000000000e-02 -3.046505420995945e-03 -3.046505420996021e-03
5.700000000000000e-02 -3.154592242737875e-03 -3.154592242739188e-03
5.800000000000000e-02 -3.264501240713868e-03 -3.264501240714743e-03
5.900000000000000e-02 -3.376229167168575e-03 -3.376229167170605e-03
6.000000000000000e-02 -3.489772769700133e-03 -3.489772769700056e-03
6.100000000000000e-02 -3.605128791247737e-03 -3.605128791248802e-03
6.200000000000000e-02 -3.722293970079160e-03 -3.722293970079824e-03
6.300000000000000e-02 -3.841265039778232e-03 -3.841265039780092e-03
6.400000000000000e-02 -3.962038729232263e-03 -3.962038729232606e-03
6.500000000000000e-02 -4.084611762619428e-03 -4.084611762620996e-03
6.600000000000000e-02 -4.208980859396082e-03 -4.208980859397138e-03
6.700000000000000e-02 -4.335142734284060e-03 -4.335142734286340e-03
6.800000000000000e-02 -4.463094097257892e-03 -4.463094097258133e-03
6.900000000000001e-02 -4.592831653531992e-03 -4.592831653533344e-03
7.000000000000001e-02 -4.724352103547788e-03 -4.724352103548671e-03
7.099999999999999e-02 -4.857652142960803e-03 -4.857652142962909e-03
7.199999999999999e-02 -4.992728462627691e-03 -4.992728462627993e-03
7.300000000000000e-02 -5.129577748593211e-03 -5.129577748594766e-03
7.400000000000000e-02 -5.268196682077163e-03 -5.268196682078216e-03
7.500000000000000e-02 -5.408581939461261e-03 -5.408581939463530e-03
7.600000000000000e-02 -5.550730192275964e-03 -5.550730192276088e-03
7.700000000000000e-02 -5.694638107187257e-03 -5.694638107188524e-03
7.800000000000000e-02 -5.840302345983367e-03 -5.840302345984219e-03
7.900000000000000e-02 -5.987719565561440e-03 -5.987719565563543e-03
8.000000000000000e-02 -6.136886417914158e-03 -6.136886417914419e-03
8.100000000000000e-02 -6.287799550116312e-03 -6.287799550117809e-03
8.200000000000000e-02 -6.440455604311310e-03 -6.440455604312306e-03
8.300000000000000e-02 -6.594851217697639e-03 -6.594851217699815e-03
8.400000000000001e-02 -6.750983022515276e-03 -6.750983022515519e-03
8.500000000000001e-02 -6.908847646032040e-03 -6.908847646033292e-03
8.599999999999999e-02 -7.068441710529893e-03 -7.068441710530726e-03
8.699999999999999e-02 -7.229761833291187e-03 -7.229761833293241e-03
8.799999999999999e-02 -7.392804626584850e-03 -7.392804626585148e-03
8.900000000000000e-02 -7.557566697652529e-03 -7.557566697653964e-03
9.000000000000000e-02 -7.724044648694664e-03 -7.724044648695666e-03
9.100000000000000e-02 -7.892235076856522e-03 -7.892235076858684e-03
9.200000000000000e-02 -8.062134574214164e-03 -8.062134574214300e-03
9.300000000000000e-02 -8.233739727760354e-03 -8.233739727761508e-03
9.400000000000000e-02 -8.407047119390429e-03 -8.407047119391192e-03
9.500000000000000e-02 -8.582053325888087e-03 -8.582053325890099e-03
9.600000000000000e-02 -8.758754918911137e-03 -8.758754918911718e-03
9.700000000000000e-02 -8.937148464977198e-03 -8.937148464978978e-03
9.800000000000000e-02 -9.117230525449306e-03 -9.117230525450604e-03
9.900000000000000e-02 -9.298997656521511e-03 -9.298997656523977e-03
1.000000000000000e-01 -9.482446409204369e-03 -9.482446409204814e-03
1.010000000000000e-01 -9.667573329310414e-03 -9.667573329311951e-03
1.020000000000000e-01 -9.854374957439549e-03 -9.854374957440640e-03
1.030000000000000e-01 -1.004284782896439e-02 -1.004284782896672e-02
1.040000000000000e-01 -1.023298847401554e-02 -1.023298847401609e-02
1.050000000000000e-01 -1.042479341746680e-02 -1.042479341746848e-02
1.060000000000000e-01 -1.061825917892034e-02 -1.061825917892172e-02
1.070000000000000e-01 -1.081338227269182e-02 -1.081338227269427e-02
1.080000000000000e-01 -1.101015920779537e-02 -1.101015920779581e-02
1.090000000000000e-01 -1.120858648792864e-02 -1.120858648793008e-02
1.100000000000000e-01 -1.140866061145765e-02 -1.140866061145872e-02
1.110000000000000e-01 -1.161037807140171e-02 -1.161037807140396e-02
1.120000000000000e-01 -1.181373535541816e-02 -1.181373535541870e-02
1.130000000000000e-01 -1.201872894578712e-02 -1.201872894578883e-02
1.140000000000000e-01 -1.222535531939618e-02 -1.222535531939739e-02
1.150000000000000e-01 -1.243361094772497e-02 -1.243361094772730e-02
1.160000000000000e-01 -1.264349229682976e-02 -1.264349229683018e-02
1.170000000000000e-01 -1.285499582732785e-02 -1.285499582732934e-02
1.180000000000000e-01 -1.306811799438208e-02 -1.306811799438314e-02
1.190000000000000e-01 -1.328285524768514e-02 -1.328285524768739e-02
1.200000000000000e-01 -1.349920403144384e-02 -1.349920403144433e-02
1.210000000000000e-01 -1.371716078436338e-02 -1.371716078436502e-02
1.220000000000000e-01 -1.393672193963144e-02 -1.393672193963272e-02
1.230000000000000e-01 -1.415788392490235e-02 -1.415788392490477e-02
1.240000000000000e-01 -1.438064316228107e-02 -1.438064316228149e-02
1.250000000000000e-01 -1.460499606830716e-02 -1.460499606830858e-02
1.260000000000000e-01 -1.483093905393867e-02 -1.483093905393970e-02
1.270000000000000e-01 -1.505846852453598e-02 -1.505846852453818e-02
1.280000000000000e-01 -1.528758087984554e-02 -1.528758087984655e-02
1.290000000000000e-01 -1.551827251398358e-02 -1.551827251398570e-02
1.300000000000000e-01 -1.575053981541972e-02 -1.575053981542135e-02
1.310000000000000e-01 -1.598437916696054e-02 -1.598437916696327e-02
1.320000000000000e-01 -1.621978694573305e-02 -1.621978694573387e-02
1.330000000000000e-01 -1.645675952316815e-02 -1.645675952317004e-02
1.340000000000000e-01 -1.669529326498389e-02 -1.669529326498537e-02
1.350000000000000e-01 -1.693538453116885e-02 -1.693538453117141e-02
1.360000000000000e-01 -1.717702967596528e-02 -1.717702967596621e-02
1.370000000000000e-01 -1.742022504785228e-02 -1.742022504785430e-02
1.380000000000000e-01 -1.766496698952882e-02 -1.766496698953049e-02
1.390000000000000e-01 -1.791125183789679e-02 -1.791125183789953e-02
1.400000000000000e-01 -1.815907592404387e-02 -1.815907592404462e-02
1.410000000000000e-01 -1.840843557322643e-02 -1.840843557322822e-02
1.420000000000000e-01 -1.865932710485227e-02 -1.865932710485374e-02
1.430000000000000e-01 -1.891174683246337e-02 -1.891174683246591e-02
1.440000000000000e-01 -1.916569106371844e-02 -1.916569106371940e-02
1.450000000000000e-01 -1.942115610037559e-02 -1.942115610037763e-02
1.460000000000000e-01 -1.967813823827473e-02 -1.967813823827630e-02
1.470000000000000e-01 -1.993663376732001e-02 -1.993663376732269e-02
1.480000000000000e-01 -2.019663897146215e-02 -2.019663897146295e-02
1.490000000000000e-01 -2.045815012868073e-02 -2.045815012868246e-02
1.500000000000000e-01 -2.072116351096630e-02 -2.072116351096764e-02
1.510000000000000e-01 -2.098567538430257e-02 -2.098567538430504e-02
1.520000000000000e-01 -2.125168200864840e-02 -2.125168200864930e-02
1.530000000000000e-01 -2.151917963791974e-02 -2.151917963792163e-02
1.540000000000000e-01 -2.178816451997155e-02 -2.178816451997306e-02
1.550000000000000e-01 -2.205863289657956e-02 -2.205863289658216e-02
1.560000000000000e-01 -2.233058100342199e-02 -2.233058100342269e-02
1.570000000000000e-01 -2.260400507006125e-02 -2.260400507006294e-02
1.580000000000000e-01 -2.287890131992541e-02 -2.287890131992673e-02
1.590000000000000e-01 -2.315526597028975e-02 -2.315526597029208e-02
1.600000000000000e-01 -2.343309523225813e-02 -2.343309523225924e-02
1.610000000000000e-01 -2.371238531074435e-02 -2.371238531074654e-02
1.620000000000000e-01 -2.399313240445333e-02 -2.399313240445505e-02
1.630000000000000e-01 -2.427533270586233e-02 -2.427533270586510e-02
1.640000000000000e-01 -2.455898240120199e-02 -2.455898240120295e-02
1.650000000000000e-01 -2.484407767043732e-02 -2.484407767043929e-02
1.660000000000000e-01 -2.513061468724865e-02 -2.513061468725021e-02
1.670000000000000e-01 -2.541858961901242e-02 -2.541858961901503e-02
1.680000000000000e-01 -2.570799862678194e-02 -2.570799862678301e-02
1.690000000000000e-01 -2.599883786526806e-02 -2.599883786527010e-02
1.700000000000000e-01 -2.629110348281973e-02 -2.629110348282150e-02
1.710000000000000e-01 -2.658479162140449e-02 -2.658479162140724e-02
1.720000000000000e-01 -2.687989841658888e-02 -2.687989841658980e-02
1.730000000000000e-01 -2.717641999751878e-02 -2.717641999752071e-02
1.740000000000000e-01 -2.747435248689961e-02 -2.747435248690118e-02
1.750000000000000e-01 -2.777369200097646e-02 -2.777369200097903e-02
1.760000000000000e-01 -2.807443464951422e-02 -2.807443464951533e-02
1.770000000000000e-01 -2.837657653577745e-02 -2.837657653577957e-02
1.780000000000000e-01 -2.868011375651034e-02 -2.868011375651205e-02
1.790000000000000e-01 -2.898504240191647e-02 -2.898504240191910e-02
1.800000000000000e-01 -2.929135855563852e-02 -2.929135855563948e-02
1.810000000000000e-01 -2.959905829473785e-02 -2.959905829473970e-02
1.820000000000000e-01 -2.990813768967407e-02 -2.990813768967551e-02
1.830000000000000e-01 -3.021859280428440e-02 -3.021859280428688e-02
1.840000000000000e-01 -3.053041969576310e-02 -3.053041969576409e-02
1.850000000000000e-01 -3.084361441464064e-02 -3.084361441464262e-02
1.860000000000000e-01 -3.115817300476287e-02 -3.115817300476452e-02
1.870000000000000e-01 -3.147409150327009e-02 -3.147409150327266e-02
1.880000000000000e-01 -3.179136594057601e-02 -3.179136594057687e-02
1.890000000000000e-01 -3.210999234034661e-02 -3.210999234034834e-02
1.900000000000000e-01 -3.242996671947894e-02 -3.242996671948033e-02
1.910000000000000e-01 -3.275128508807976e-02 -3.275128508808212e-02
1.920000000000000e-01 -3.307394344944416e-02 -3.307394344944535e-02
1.930000000000000e-01 -3.339793780003403e-02 -3.339793780003614e-02
1.940000000000000e-01 -3.372326412945646e-02 -3.372326412945820e-02
1.950000000000000e-01 -3.404991842044198e-02 -3.404991842044466e-02
1.960000000000000e-01 -3.437789664882285e-02 -3.437789664882387e-02
1.970000000000000e-01 -3.470719478351107e-02 -3.470719478351295e-02
1.980000000000000e-01 -3.503780878647640e-02 -3.503780878647789e-02
1.990000000000000e-01 -3.536973461272427e-02 -3.536973461272670e-02
2.000000000000000e-01 -3.570296821027357e-02 -3.570296821027469e-02
2.010000000000000e-01 -3.603750552013429e-02 -3.603750552013632e-02
2.020000000000000e-01 -3.637334247628519e-02 -3.637334247628689e-02
2.030000000000000e-01 -3.671047500565126e-02 -3.671047500565380e-02
2.040000000000000e-01 -3.704889902808105e-02 -3.704889902808195e-02
2.050000000000000e-01 -3.738861045632404e-02 -3.738861045632580e-02
2.060000000000000e-01 -3.772960519600775e-02 -3.772960519600922e-02
2.070000000000000e-01 -3.807187914561484e-02 -3.807187914561722e-02
2.080000000000000e-01 -3.841542819646007e-02 -3.841542819646110e-02
2.090000000000000e-01 -3.876024823266714e-02 -3.876024823266905e-02
2.100000000000000e-01 -3.910633513114549e-02 -3.910633513114703e-02
2.110000000000000e-01 -3.945368476156690e-02 -3.945368476156928e-02
2.120000000000000e-01 -3.980229298634203e-02 -3.980229298634300e-02
2.130000000000000e-01 -4.015215566059690e-02 -4.015215566059858e-02
2.140000000000000e-01 -4.050326863214912e-02 -4.050326863215054e-02
2.150000000000000e-01 -4.085562774148420e-02 -4.085562774148645e-02
2.160000000000000e-01 -4.120922882173155e-02 -4.120922882173252e-02
2.170000000000000e-01 -4.156406769864054e-02 -4.156406769864233e-02
2.180000000000000e-01 -4.192014019055635e-02 -4.192014019055784e-02
2.190000000000000e-01 -4.227744210839569e-02 -4.227744210839803e-02
2.200000000000000e-01 -4.263596925562254e-02 -4.263596925562331e-02
2.210000000000000e-01 -4.299571742822358e-02 -4.299571742822507e-02
2.220000000000000e-01 -4.335668241468370e-02 -4.335668241468499e-02
2.230000000000000e-01 -4.371885999596124e-02 -4.371885999596337e-02
2.240000000000000e-01 -4.408224594546318e-02 -4.408224594546424e-02
2.250000000000000e-01 -4.444683602902028e-02 -4.444683602902222e-02
2.260000000000000e-01 -4.481262600486192e-02 -4.481262600486347e-02
2.270000000000000e-01 -4.517961162359106e-02 -4.517961162359346e-02
2.280000000000000e-01 -4.554778862815884e-02 -4.554778862815974e-02
2.290000000000000e-01 -4.591715275383925e-02 -4.591715275384090e-02
2.300000000000000e-01 -4.628769972820358e-02 -4.628769972820489e-02
2.310000000000000e-01 -4.665942527109476e-02 -4.665942527109693e-02
2.320000000000000e-01 -4.703232509460162e-02 -4.703232509460248e-02
2.330000000000000e-01 -4.740639490303298e-02 -4.740639490303464e-02
2.340000000000000e-01 -4.778163039289163e-02 -4.778163039289310e-02
2.350000000000000e-01 -4.815802725284820e-02 -4.815802725285047e-02
2.360000000000000e-01 -4.853558116371492e-02 -4.853558116371567e-02
2.370000000000000e-01 -4.891428779841917e-02 -4.891428779842068e-02
2.380000000000000e-01 -4.929414282197702e-02 -4.929414282197829e-02
2.390000000000000e-01 -4.967514189146654e-02 -4.967514189146861e-02
2.400000000000000e-01 -5.005728065600108e-02 -5.005728065600197e-02
2.410000000000000e-01 -5.044055475670230e-02 -5.044055475670398e-02
2.420000000000000e-01 -5.082495982667320e-02 -5.082495982667457e-02
2.430000000000000e-01 -5.121049149097096e-02 -5.121049149097306e-02
2.440000000000000e-01 -5.159714536657955e-02 -5.159714536658033e-02
2.450000000000000e-01 -5.198491706238246e-02 -5.198491706238396e-02
2.460000000000000e-01 -5.237380217913499e-02 -5.237380217913619e-02
2.470000000000000e-01 -5.276379630943664e-02 -5.276379630943866e-02
2.480000000000000e-01 -5.315489503770331e-02 -5.315489503770413e-02
2.490000000000000e-01 -5.354709394013922e-02 -5.354709394014082e-02
2.500000000000000e-01 -5.394038858470892e-02 -5.394038858471026e-02
2.510000000000000e-01 -5.433477453110904e-02 -5.433477453111113e-02
2.520000000000000e-01 -5.473024733073984e-02 -5.473024733074057e-02
2.530000000000000e-01 -5.512680252667679e-02 -5.512680252667822e-02
2.540000000000000e-01 -5.552443565364184e-02 -5.552443565364296e-02
2.550000000000000e-01 -5.592314223797468e-02 -5.592314223797656e-02
2.560000000000000e-01 -5.632291779760374e-02 -5.632291779760468e-02
2.570000000000000e-01 -5.672375784201723e-02 -5.672375784201893e-02
2.580000000000000e-01 -5.712565787223375e-02 -5.712565787223513e-02
2.590000000000000e-01 -5.752861338077307e-02 -5.752861338077517e-02
2.600000000000000e-01 -5.793261985162652e-02 -5.793261985162736e-02
2.610000000000000e-01 -5.833767276022741e-02 -5.833767276022890e-02
2.620000000000000e-01 -5.874376757342113e-02 -5.874376757342240e-02
2.630000000000000e-01 -5.915089974943531e-02 -5.915089974943723e-02
2.640000000000000e-01 -5.955906473784959e-02 -5.955906473785050e-02
2.650000000000000e-01 -5.996825797956549e-02 -5.996825797956709e-02
2.660000000000000e-01 -6.037847490677589e-02 -6.037847490677725e-02
2.670000000000000e-01 -6.078971094293458e-02 -6.078971094293666e-02
2.680000000000000e-01 -6.120196150272546e-02 -6.120196150272623e-02
2.690000000000000e-01 -6.161522199203177e-02 -6.161522199203319e-02
2.700000000000000e-01 -6.202948780790492e-02 -6.202948780790619e-02
2.710000000000000e-01 -6.244475433853353e-02 -6.244475433853541e-02
2.720000000000000e-01 -6.286101696321188e-02 -6.286101696321279e-02
2.730000000000000e-01 -6.327827105230860e-02 -6.327827105231019e-02
2.740000000000000e-01 -6.369651196723491e-02 -6.369651196723619e-02
2.750000000000000e-01 -6.411573506041281e-02 -6.411573506041474e-02
2.760000000000000e-01 -6.453593567524317e-02 -6.453593567524403e-02
2.770000000000000e-01 -6.495710914607362e-02 -6.495710914607496e-02
2.780000000000000e-01 -6.537925079816612e-02 -6.537925079816724e-02
2.790000000000000e-01 -6.580235594766465e-02 -6.580235594766645e-02
2.800000000000000e-01 -6.622641990156247e-02 -6.622641990156333e-02
2.810000000000000e-01 -6.665143795766945e-02 -6.665143795767088e-02
2.820000000000000e-01 -6.707740540457892e-02 -6.707740540458011e-02
2.830000000000000e-01 -6.750431752163484e-02 -6.750431752163666e-02
2.840000000000000e-01 -6.793216957889814e-02 -6.793216957889887e-02
2.850000000000000e-01 -6.836095683711356e-02 -6.836095683711482e-02
2.860000000000000e-01 -6.879067454767580e-02 -6.879067454767687e-02
2.870000000000000e-01 -6.922131795259590e-02 -6.922131795259759e-02
2.880000000000000e-01 -6.965288228446698e-02 -6.965288228446795e-02
2.890000000000000e-01 -7.008536276643040e-02 -7.008536276643196e-02
2.900000000000000e-01 -7.051875461214115e-02 -7.051875461214249e-02
2.910000000000000e-01 -7.095305302573351e-02 -7.095305302573544e-02
2.920000000000000e-01 -7.138825320178623e-02 -7.138825320178711e-02
2.930000000000000e-01 -7.182435032528774e-02 -7.182435032528911e-02
2.940000000000000e-01 -7.226133957160098e-02 -7.226133957160215e-02
2.950000000000000e-01 -7.269921610642838e-02 -7.269921610643014e-02
2.960000000000000e-01 -7.313797508577613e-02 -7.313797508577706e-02
2.970000000000000e-01 -7.357761165591885e-02 -7.357761165592033e-02
2.980000000000000e-01 -7.401812095336353e-02 -7.401812095336485e-02
2.990000000000000e-01 -7.445949810481389e-02 -7.445949810481575e-02
3.000000000000000e-01 -7.490173822713379e-02 -7.490173822713458e-02
3.010000000000000e-01 -7.534483642731120e-02 -7.534483642731257e-02
3.020000000000000e-01 -7.578878780242149e-02 -7.578878780242267e-02
3.030000000000000e-01 -7.623358743959070e-02 -7.623358743959245e-02
3.040000000000000e-01 -7.667923041595863e-02 -7.667923041595957e-02
3.050000000000000e-01 -7.712571179864169e-02 -7.712571179864318e-02
3.060000000000000e-01 -7.757302664469551e-02 -7.757302664469676e-02
3.070000000000000e-01 -7.802117000107754e-02 -7.802117000107932e-02
3.080000000000000e-01 -7.847013690460915e-02 -7.847013690460997e-02
3.090000000000000e-01 -7.891992238193782e-02 -7.891992238193918e-02
3.100000000000000e-01 -7.937052144949895e-02 -7.937052144950008e-02
3.110000000000000e-01 -7.982192911347762e-02 -7.982192911347932e-02
3.120000000000000e-01 -8.027414036976979e-02 -8.027414036977068e-02
3.130000000000000e-01 -8.072715020394391e-02 -8.072715020394527e-02
3.140000000000000e-01 -8.118095359120166e-02 -8.118095359120288e-02
3.150000000000000e-01 -8.163554549633897e-02 -8.163554549634072e-02
3.160000000000000e-01 -8.209092087370647e-02 -8.209092087370723e-02
3.170000000000000e-01 -8.254707466717015e-02 -8.254707466717140e-02
3.180000000000000e-01 -8.300400181007127e-02 -8.300400181007235e-02
3.190000000000000e-01 -8.346169722518657e-02 -8.346169722518813e-02
3.200000000000000e-01 -8.392015582468786e-02 -8.392015582468887e-02
3.210000000000000e-01 -8.437937251010176e-02 -8.437937251010325e-02
3.220000000000000e-01 -8.483934217226882e-02 -8.483934217227006e-02
3.230000000000000e-01 -8.530005969130283e-02 -8.530005969130451e-02
3.240000000000000e-01 -8.576151993654943e-02 -8.576151993655037e-02
3.250000000000000e-01 -8.622371776654510e-02 -8.622371776654639e-02
3.260000000000000e-01 -8.668664802897531e-02 -8.668664802897644e-02
3.270000000000000e-01 -8.715030556063300e-02 -8.715030556063462e-02
3.280000000000000e-01 -8.761468518737618e-02 -8.761468518737714e-02
3.290000000000000e-01 -8.807978172408611e-02 -8.807978172408752e-02
3.300000000000000e-01 -8.854558997462442e-02 -8.854558997462565e-02
3.310000000000000e-01 -8.901210473179068e-02 -8.901210473179232e-02
3.320000000000000e-01 -8.947932077727930e-02 -8.947932077728013e-02
3.330000000000000e-01 -8.994723288163636e-02 -8.994723288163758e-02
3.340000000000000e-01 -9.041583580421617e-02 -9.041583580421725e-02
3.350000000000000e-01 -9.088512429313769e-02 -9.088512429313925e-02
3.360000000000000e-01 -9.135509308524041e-02 -9.135509308524131e-02
3.370000000000000e-01 -9.182573690604043e-02 -9.182573690604171e-02
3.380000000000000e-01 -9.229705046968585e-02 -9.229705046968699e-02
3.390000000000000e-01 -9.276902847891229e-02 -9.276902847891376e-02
3.400000000000000e-01 -9.324166562499780e-02 -9.324166562499869e-02
3.410000000000000e-01 -9.371495658771796e-02 -9.371495658771908e-02
3.420000000000000e-01 -9.418889603530010e-02 -9.418889603530112e-02
3.430000000000000e-01 -9.466347862437813e-02 -9.466347862437952e-02
3.440000000000000e-01 -9.513869899994605e-02 -9.513869899994690e-02
3.450000000000000e-01 -9.561455179531235e-02 -9.561455179531354e-02
3.460000000000000e-01 -9.609103163205313e-02 -9.609103163205418e-02
3.470000000000000e-01 -9.656813311996561e-02 -9.656813311996701e-02
3.480000000000000e-01 -9.704585085702111e-02 -9.704585085702190e-02
3.490000000000000e-01 -9.752417942931781e-02 -9.752417942931887e-02
3.500000000000000e-01 -9.800311341103332e-02 -9.800311341103428e-02
3.510000000000000e-01 -9.848264736437684e-02 -9.848264736437812e-02
3.520000000000000e-01 -9.896277583954108e-02 -9.896277583954199e-02
3.530000000000000e-01 -9.944349337465407e-02 -9.944349337465536e-02
3.540000000000000e-01 -9.992479449573050e-02 -9.992479449573158e-02
3.550000000000000e-01 -1.004066737166228e-01 -1.004066737166243e-01
3.560000000000000e-01 -1.008891255389721e-01 -1.008891255389729e-01
3.570000000000000e-01 -1.013721444521588e-01 -1.013721444521599e-01
3.580000000000000e-01 -1.018557249332525e-01 -1.018557249332535e-01
3.590000000000000e-01 -1.023398614469627e-01 -1.023398614469641e-01
3.600000000000000e-01 -1.028245484455878e-01 -1.028245484455887e-01
3.610000000000000e-01 -1.033097803689650e-01 -1.033097803689661e-01
3.620000000000000e-01 -1.037955516444191e-01 -1.037955516444202e-01
3.630000000000000e-01 -1.042818566867116e-01 -1.042818566867129e-01
3.640000000000000e-01 -1.047686898979890e-01 -1.047686898979898e-01
3.650000000000000e-01 -1.052560456677312e-01 -1.052560456677322e-01
3.660000000000000e-01 -1.057439183726993e-01 -1.057439183727003e-01
3.670000000000000e-01 -1.062323023768835e-01 -1.062323023768847e-01
3.680000000000000e-01 -1.067211920314500e-01 -1.067211920314508e-01
3.690000000000000e-01 -1.072105816746883e-01 -1.072105816746893e-01
3.700000000000000e-01 -1.077004656319578e-01 -1.077004656319588e-01
3.710000000000000e-01 -1.081908382156344e-01 -1.081908382156355e-01
3.720000000000000e-01 -1.086816937250562e-01 -1.086816937250570e-01
3.730000000000000e-01 -1.091730264464696e-01 -1.091730264464705e-01
3.740000000000000e-01 -1.096648306529744e-01 -1.096648306529752e-01
3.750000000000000e-01 -1.101571006044693e-01 -1.101571006044704e-01
3.760000000000000e-01 -1.106498305475963e-01 -1.106498305475970e-01
3.770000000000000e-01 -1.111430147156856e-01 -1.111430147156865e-01
3.780000000000000e-01 -1.116366473286992e-01 -1.116366473287001e-01
3.790000000000000e-01 -1.121307225931752e-01 -1.121307225931763e-01
3.800000000000000e-01 -1.126252347021708e-01 -1.126252347021714e-01
3.810000000000000e-01 -1.131201778352058e-01 -1.131201778352066e-01
3.820000000000000e-01 -1.136155461582052e-01 -1.136155461582059e-01
3.830000000000000e-01 -1.141113338234417e-01 -1.141113338234427e-01
3.840000000000000e-01 -1.146075349694777e-01 -1.146075349694785e-01
3.850000000000000e-01 -1.151041437211072e-01 -1.151041437211081e-01
3.860000000000000e-01 -1.156011541892970e-01 -1.156011541892978e-01
3.870000000000000e-01 -1.160985604711280e-01 -1.160985604711289e-01
3.880000000000000e-01 -1.165963566497354e-01 -1.165963566497361e-01
3.890000000000000e-01 -1.170945367942497e-01 -1.170945367942505e-01
3.900000000000000e-01 -1.175930949597362e-01 -1.175930949597369e-01
3.910000000000000e-01 -1.180920251871345e-01 -1.180920251871354e-01
3.920000000000000e-01 -1.185913215031982e-01 -1.185913215031989e-01
3.930000000000000e-01 -1.190909779204334e-01 -1.190909779204341e-01
3.940000000000000e-01 -1.195909884370372e-01 -1.195909884370379e-01
3.950000000000000e-01 -1.200913470368359e-01 -1.200913470368367e-01
3.960000000000000e-01 -1.205920476892227e-01 -1.205920476892233e-01
3.970000000000000e-01 -1.210930843490951e-01 -1.210930843490958e-01
3.980000000000000e-01 -1.215944509567918e-01 -1.215944509567925e-01
3.990000000000000e-01 -1.220961414380292e-01 -1.220961414380300e-01
4.000000000000000e-01 -1.225981497038378e-01 -1.225981497038383e-01
4.010000000000000e-01 -1.231004696504975e-01 -1.231004696504982e-01
4.020000000000000e-01 -1.236030951594737e-01 -1.236030951594744e-01
4.030000000000000e-01 -1.241060200973518e-01 -1.241060200973525e-01
4.040000000000000e-01 -1.246092383157717e-01 -1.246092383157723e-01
4.050000000000000e-01 -1.251127436513624e-01 -1.251127436513629e-01
4.060000000000000e-01 -1.256165299256752e-01 -1.256165299256757e-01
4.070000000000000e-01 -1.261205909451177e-01 -1.261205909451183e-01
4.080000000000000e-01 -1.266249205008863e-01 -1.266249205008867e-01
4.090000000000000e-01 -1.271295123688985e-01 -1.271295123688990e-01
4.100000000000000e-01 -1.276343603097258e-01 -1.276343603097262e-01
4.110000000000000e-01 -1.281394580685243e-01 -1.281394580685248e-01
4.120000000000000e-01 -1.286447993749668e-01 -1.286447993749672e-01
4.130000000000000e-01 -1.291503779431732e-01 -1.291503779431736e-01
4.140000000000000e-01 -1.296561874716408e-01 -1.296561874716411e-01
4.150000000000000e-01 -1.301622216431743e-01 -1.301622216431748e-01
4.160000000000000e-01 -1.306684741248155e-01 -1.306684741248159e-01
4.170000000000000e-01 -1.311749385677717e-01 -1.311749385677722e-01
4.180000000000000e-01 -1.316816086073451e-01 -1.316816086073455e-01
4.190000000000000e-01 -1.321884778628600e-01 -1.321884778628604e-01
4.200000000000000e-01 -1.326955399375913e-01 -1.326955399375916e-01
4.210000000000000e-01 -1.332027884186910e-01 -1.332027884186913e-01
4.220000000000000e-01 -1.337102168771153e-01 -1.337102168771156e-01
4.230000000000000e-01 -1.342178188675508e-01 -1.342178188675510e-01
4.240000000000000e-01 -1.347255879283401e-01 -1.347255879283404e-01
4.250000000000000e-01 -1.352335175814072e-01 -1.352335175814074e-01
4.260000000000000e-01 -1.357416013321824e-01 -1.357416013321827e-01
4.270000000000000e-01 -1.362498326695264e-01 -1.362498326695266e-01
4.280000000000000e-01 -1.367582050656543e-01 -1.367582050656544e-01
4.290000000000000e-01 -1.372667119760587e-01 -1.372667119760588e-01
4.300000000000000e-01 -1.377753468394330e-01 -1.377753468394332e-01
4.310000000000000e-01 -1.382841030775930e-01 -1.382841030775931e-01
4.320000000000000e-01 -1.387929740953996e-01 -1.387929740953998e-01
4.330000000000000e-01 -1.393019532806793e-01 -1.393019532806794e-01
4.340000000000000e-01 -1.398110340041454e-01 -1.398110340041455e-01
4.350000000000000e-01 -1.403202096193182e-01 -1.403202096193182e-01
4.360000000000000e-01 -1.408294734624448e-01 -1.408294734624449e-01
4.370000000000000e-01 -1.413388188524180e-01 -1.413388188524179e-01
4.380000000000000e-01 -1.418482390906955e-01 -1.418482390906955e-01
4.390000000000000e-01 -1.423577274612176e-01 -1.423577274612176e-01
4.400000000000000e-01 -1.428672772303250e-01 -1.428672772303250e-01
4.410000000000000e-01 -1.433768816466756e-01 -1.433768816466755e-01
4.420000000000000e-01 -1.438865339411614e-01 -1.438865339411613e-01
4.430000000000000e-01 -1.443962273268240e-01 -1.443962273268239e-01
4.440000000000000e-01 -1.449059549987705e-01 -1.449059549987704e-01
4.450000000000000e-01 -1.454157101340876e-01 -1.454157101340873e-01
4.460000000000000e-01 -1.459254858917565e-01 -1.459254858917563e-01
4.470000000000000e-01 -1.464352754125660e-01 -1.464352754125657e-01
4.480000000000000e-01 -1.469450718190260e-01 -1.469450718190259e-01
4.490000000000000e-01 -1.474548682152798e-01 -1.474548682152795e-01
4.500000000000000e-01 -1.479646576870161e-01 -1.479646576870158e-01
4.510000000000000e-01 -1.484744333013799e-01 -1.484744333013794e-01
4.520000000000000e-01 -1.489841881068838e-01 -1.489841881068835e-01
4.530000000000000e-01 -1.494939151333176e-01 -1.494939151333172e-01
4.540000000000000e-01 -1.500036073916580e-01 -1.500036073916576e-01
4.550000000000000e-01 -1.505132578739775e-01 -1.505132578739769e-01
4.560000000000000e-01 -1.510228595533523e-01 -1.510228595533520e-01
4.570000000000000e-01 -1.515324053837703e-01 -1.515324053837697e-01
4.580000000000000e-01 -1.520418883000378e-01 -1.520418883000373e-01
4.590000000000000e-01 -1.525513012176858e-01 -1.525513012176852e-01
4.600000000000000e-01 -1.530606370328762e-01 -1.530606370328757e-01
4.610000000000000e-01 -1.535698886223057e-01 -1.535698886223051e-01
4.620000000000000e-01 -1.540790488431116e-01 -1.540790488431110e-01
4.630000000000000e-01 -1.545881105327742e-01 -1.545881105327734e-01
4.640000000000000e-01 -1.550970665090207e-01 -1.550970665090202e-01
4.650000000000000e-01 -1.556059095697271e-01 -1.556059095697264e-01
4.660000000000000e-01 -1.561146324928202e-01 -1.561146324928195e-01
4.670000000000000e-01 -1.566232280361782e-01 -1.566232280361772e-01
4.680000000000000e-01 -1.571316889375313e-01 -1.571316889375308e-01
4.690000000000000e-01 -1.576400079143612e-01 -1.576400079143603e-01
4.700000000000000e-01 -1.581481776638000e-01 -1.581481776637992e-01
4.710000000000000e-01 -1.586561908625282e-01 -1.586561908625272e-01
4.720000000000000e-01 -1.591640401666726e-01 -1.591640401666718e-01
4.730000000000000e-01 -1.596717182117023e-01 -1.596717182117013e-01
4.740000000000000e-01 -1.601792176123255e-01 -1.601792176123245e-01
4.750000000000000e-01 -1.606865309623842e-01 -1.606865309623830e-01
4.760000000000000e-01 -1.611936508347489e-01 -1.611936508347480e-01
4.770000000000000e-01 -1.617005697812123e-01 -1.617005697812111e-01
4.780000000000000e-01 -1.622072803323824e-01 -1.622072803323813e-01
4.790000000000000e-01 -1.627137749975746e-01 -1.627137749975733e-01
4.800000000000000e-01 -1.632200462647033e-01 -1.632200462647022e-01
4.810000000000000e-01 -1.637260866001724e-01 -1.637260866001710e-01
4.820000000000000e-01 -1.642318884487654e-01 -1.642318884487640e-01
4.830000000000000e-01 -1.647374442335341e-01 -1.647374442335324e-01
4.840000000000000e-01 -1.652427463556874e-01 -1.652427463556862e-01
4.850000000000000e-01 -1.657477871944786e-01 -1.657477871944770e-01
4.860000000000000e-01 -1.662525591070917e-01 -1.662525591070902e-01
4.870000000000000e-01 -1.667570544285278e-01 -1.667570544285259e-01
4.880000000000000e-01 -1.672612654714896e-01 -1.672612654714881e-01
4.890000000000000e-01 -1.677651845262660e-01 -1.677651845262642e-01
4.900000000000000e-01 -1.682688038606150e-01 -1.682688038606134e-01
4.910000000000000e-01 -1.687721157196466e-01 -1.687721157196446e-01
4.920000000000000e-01 -1.692751123257039e-01 -1.692751123257025e-01
4.930000000000000e-01 -1.697777858782443e-01 -1.697777858782425e-01
4.940000000000000e-01 -1.702801285537189e-01 -1.702801285537173e-01
4.950000000000000e-01 -1.707821325054516e-01 -1.707821325054496e-01
4.960000000000000e-01 -1.712837898635175e-01 -1.712837898635160e-01
4.970000000000000e-01 -1.717850927346195e-01 -1.717850927346176e-01
4.980000000000000e-01 -1.722860332019648e-01 -1.722860332019631e-01
4.990000000000000e-01 -1.727866033251402e-01 -1.727866033251380e-01
5.000000000000000e-01 -1.732867951399863e-01 -1.732867951399849e-01
5.010000000000000e-01 -1.737866006584713e-01 -1.737866006584695e-01
5.020000000000000e-01 -1.742860118685632e-01 -1.742860118685615e-01
5.030000000000000e-01 -1.747850207341011e-01 -1.747850207340990e-01
5.040000000000000e-01 -1.752836191946663e-01 -1.752836191946647e-01
5.050000000000000e-01 -1.757817991654514e-01 -1.757817991654494e-01
5.060000000000000e-01 -1.762795525371290e-01 -1.762795525371273e-01
5.070000000000000e-01 -1.767768711757197e-01 -1.767768711757176e-01
5.080000000000000e-01 -1.772737469224579e-01 -1.772737469224563e-01
5.090000000000000e-01 -1.777701715936579e-01 -1.777701715936559e-01
5.100000000000000e-01 -1.782661369805784e-01 -1.782661369805766e-01
5.110000000000000e-01 -1.787616348492859e-01 -1.787616348492836e-01
5.120000000000000e-01 -1.792566569405169e-01 -1.792566569405169e-01
5.130000000000000e-01 -1.797511949695398e-01 -1.797511949695394e-01
5.140000000000000e-01 -1.802452406260148e-01 -1.802452406260146e-01
5.150000000000000e-01 -1.807387855738534e-01 -1.807387855738528e-01
5.160000000000000e-01 -1.812318214510764e-01 -1.812318214510764e-01
5.170000000000000e-01 -1.817243398696708e-01 -1.817243398696705e-01
5.180000000000000e-01 -1.822163324154464e-01 -1.822163324154463e-01
5.190000000000000e-01 -1.827077906478896e-01 -1.827077906478890e-01
5.200000000000000e-01 -1.831987061000180e-01 -1.831987061000181e-01
5.210000000000000e-01 -1.836890702782326e-01 -1.836890702782322e-01
5.220000000000000e-01 -1.841788746621688e-01 -1.841788746621686e-01
5.230000000000000e-01 -1.846681107045473e-01 -1.846681107045466e-01
5.240000000000000e-01 -1.851567698310229e-01 -1.851567698310230e-01
5.250000000000000e-01 -1.856448434400318e-01 -1.856448434400314e-01
5.260000000000000e-01 -1.861323229026391e-01 -1.861323229026390e-01
5.270000000000000e-01 -1.866191995623837e-01 -1.866191995623830e-01
5.280000000000000e-01 -1.871054647351225e-01 -1.871054647351225e-01
5.290000000000000e-01 -1.875911097088737e-01 -1.875911097088732e-01
5.300000000000000e-01 -1.880761257436580e-01 -1.880761257436578e-01
5.310000000000000e-01 -1.885605040713395e-01 -1.885605040713387e-01
5.320000000000000e-01 -1.890442358954646e-01 -1.890442358954647e-01
5.330000000000000e-01 -1.895273123910998e-01 -1.895273123910994e-01
5.340000000000000e-01 -1.900097247046687e-01 -1.900097247046685e-01
5.350000000000000e-01 -1.904914639537866e-01 -1.904914639537859e-01
5.360000000000000e-01 -1.909725212270948e-01 -1.909725212270950e-01
5.370000000000000e-01 -1.914528875840933e-01 -1.914528875840927e-01
5.380000000000000e-01 -1.919325540549714e-01 -1.919325540549711e-01
5.390000000000000e-01 -1.924115116404382e-01 -1.924115116404374e-01
5.400000000000000e-01 -1.928897513115507e-01 -1.928897513115508e-01
5.410000000000000e-01 -1.933672640095408e-01 -1.933672640095403e-01
5.420000000000000e-01 -1.938440406456410e-01 -1.938440406456408e-01
5.430000000000000e-01 -1.943200721009085e-01 -1.943200721009078e-01
5.440000000000000e-01 -1.947953492260482e-01 -1.947953492260481e-01
5.450000000000000e-01 -1.952698628412335e-01 -1.952698628412329e-01
5.460000000000000e-01 -1.957436037359266e-01 -1.957436037359262e-01
5.470000000000000e-01 -1.962165626686962e-01 -1.962165626686952e-01
5.480000000000000e-01 -1.966887303670351e-01 -1.966887303670352e-01
5.490000000000000e-01 -1.971600975271745e-01 -1.971600975271739e-01
5.500000000000000e-01 -1.976306548138985e-01 -1.976306548138981e-01
5.510000000000000e-01 -1.981003928603558e-01 -1.981003928603548e-01
5.520000000000000e-01 -1.985693022678704e-01 -1.985693022678703e-01
5.530000000000000e-01 -1.990373736057507e-01 -1.990373736057501e-01
5.540000000000000e-01 -1.995045974110969e-01 -1.995045974110964e-01
5.550000000000000e-01 -1.999709641886062e-01 -1.999709641886051e-01
5.560000000000000e-01 -2.004364644103776e-01 -2.004364644103775e-01
5.570000000000001e-01 -2.009010885157141e-01 -2.009010885157134e-01
5.580000000000001e-01 -2.013648269109232e-01 -2.013648269109229e-01
5.590000000000001e-01 -2.018276699691164e-01 -2.018276699691155e-01
5.600000000000001e-01 -2.022896080300062e-01 -2.022896080300061e-01
5.610000000000001e-01 -2.027506313997016e-01 -2.027506313997010e-01
5.620000000000001e-01 -2.032107303505025e-01 -2.032107303505020e-01
5.629999999999999e-01 -2.036698951206910e-01 -2.036698951206899e-01
5.639999999999999e-01 -2.041281159143224e-01 -2.041281159143225e-01
5.649999999999999e-01 -2.045853829010134e-01 -2.045853829010127e-01
5.659999999999999e-01 -2.050416862157282e-01 -2.050416862157277e-01
5.669999999999999e-01 -2.054970159585641e-01 -2.054970159585632e-01
5.679999999999999e-01 -2.059513621945340e-01 -2.059513621945339e-01
5.690000000000000e-01 -2.064047149533473e-01 -2.064047149533466e-01
5.700000000000000e-01 -2.068570642291890e-01 -2.068570642291886e-01
5.710000000000000e-01 -2.073083999804972e-01 -2.073083999804960e-01
5.720000000000000e-01 -2.077587121297377e-01 -2.077587121297377e-01
5.730000000000000e-01 -2.082079905631776e-01 -2.082079905631769e-01
5.740000000000000e-01 -2.086562251306565e-01 -2.086562251306562e-01
5.750000000000000e-01 -2.091034056453553e-01 -2.091034056453543e-01
5.760000000000000e-01 -2.095495218835638e-01 -2.095495218835636e-01
5.770000000000000e-01 -2.099945635844450e-01 -2.099945635844442e-01
5.780000000000000e-01 -2.104385204497990e-01 -2.104385204497984e-01
5.790000000000000e-01 -2.108813821438231e-01 -2.108813821438218e-01
5.800000000000000e-01 -2.113231382928705e-01 -2.113231382928705e-01
5.810000000000000e-01 -2.117637784852072e-01 -2.117637784852064e-01
5.820000000000000e-01 -2.122032922707657e-01 -2.122032922707652e-01
5.830000000000000e-01 -2.126416691608979e-01 -2.126416691608966e-01
5.840000000000000e-01 -2.130788986281239e-01 -2.130788986281238e-01
5.850000000000000e-01 -2.135149701058806e-01 -2.135149701058797e-01
5.860000000000000e-01 -2.139498729882658e-01 -2.139498729882652e-01
5.870000000000000e-01 -2.143835966297823e-01 -2.143835966297810e-01
5.880000000000000e-01 -2.148161303450777e-01 -2.148161303450777e-01
5.890000000000000e-01 -2.152474634086828e-01 -2.152474634086819e-01
5.900000000000000e-01 -2.156775850547472e-01 -2.156775850547467e-01
5.910000000000000e-01 -2.161064844767732e-01 -2.161064844767719e-01
5.920000000000000e-01 -2.165341508273458e-01 -2.165341508273457e-01
5.930000000000000e-01 -2.169605732178620e-01 -2.169605732178611e-01
5.940000000000000e-01 -2.173857407182559e-01 -2.173857407182552e-01
5.950000000000000e-01 -2.178096423567222e-01 -2.178096423567207e-01
5.960000000000000e-01 -2.182322671194373e-01 -2.182322671194373e-01
5.970000000000000e-01 -2.186536039502769e-01 -2.186536039502761e-01
5.980000000000000e-01 -2.190736417505316e-01 -2.190736417505311e-01
5.990000000000000e-01 -2.194923693786197e-01 -2.194923693786184e-01
6.000000000000000e-01 -2.199097756497972e-01 -2.199097756497971e-01
6.010000000000000e-01 -2.203258493358651e-01 -2.203258493358641e-01
6.020000000000000e-01 -2.207405791648740e-01 -2.207405791648733e-01
6.030000000000000e-01 -2.211539538208256e-01 -2.211539538208241e-01
6.040000000000000e-01 -2.215659619433718e-01 -2.215659619433717e-01
6.050000000000000e-01 -2.219765921275106e-01 -2.219765921275097e-01
6.060000000000000e-01 -2.223858329232791e-01 -2.223858329232786e-01
6.070000000000000e-01 -2.227936728354436e-01 -2.227936728354423e-01
6.080000000000000e-01 -2.232001003231869e-01 -2.232001003231866e-01
6.090000000000000e-01 -2.236051037997921e-01 -2.236051037997910e-01
6.100000000000000e-01 -2.240086716323240e-01 -2.240086716323232e-01
6.110000000000000e-01 -2.244107921413067e-01 -2.244107921413050e-01
6.120000000000000e-01 -2.248114536003983e-01 -2.248114536003981e-01
6.130000000000000e-01 -2.252106442360632e-01 -2.252106442360621e-01
6.140000000000000e-01 -2.256083522272396e-01 -2.256083522272389e-01
6.150000000000000e-01 -2.260045657050054e-01 -2.260045657050038e-01
6.160000000000000e-01 -2.263992727522394e-01 -2.263992727522390e-01
6.170000000000000e-01 -2.267924614032801e-01 -2.267924614032790e-01
6.180000000000000e-01 -2.271841196435812e-01 -2.271841196435804e-01
6.190000000000000e-01 -2.275742354093622e-01 -2.275742354093604e-01
6.200000000000000e-01 -2.279627965872578e-01 -2.279627965872577e-01
6.210000000000000e-01 -2.283497910139620e-01 -2.283497910139609e-01
6.220000000000000e-01 -2.287352064758691e-01 -2.287352064758684e-01
6.230000000000000e-01 -2.291190307087118e-01 -2.291190307087101e-01
6.240000000000000e-01 -2.295012513971943e-01 -2.295012513971940e-01
6.250000000000000e-01 -2.298818561746233e-01 -2.298818561746221e-01
6.260000000000000e-01 -2.302608326225340e-01 -2.302608326225332e-01
6.270000000000000e-01 -2.306381682703126e-01 -2.306381682703107e-01
6.280000000000000e-01 -2.310138505948155e-01 -2.310138505948154e-01
6.290000000000000e-01 -2.313878670199841e-01 -2.313878670199830e-01
6.300000000000000e-01 -2.317602049164554e-01 -2.317602049164545e-01
6.310000000000000e-01 -2.321308516011695e-01 -2.321308516011679e-01
6.320000000000000e-01 -2.324997943369722e-01 -2.324997943369719e-01
6.330000000000000e-01 -2.328670203322140e-01 -2.328670203322127e-01
6.340000000000000e-01 -2.332325167403444e-01 -2.332325167403435e-01
6.350000000000000e-01 -2.335962706595029e-01 -2.335962706595010e-01
6.360000000000000e-01 -2.339582691321047e-01 -2.339582691321045e-01
6.370000000000000e-01 -2.343184991444228e-01 -2.343184991444217e-01
6.380000000000000e-01 -2.346769476261657e-01 -2.346769476261648e-01
6.390000000000000e-01 -2.350336014500497e-01 -2.350336014500480e-01
6.400000000000000e-01 -2.353884474313685e-01 -2.353884474313678e-01
6.410000000000000e-01 -2.357414723275562e-01 -2.357414723275545e-01
6.420000000000000e-01 -2.360926628377471e-01 -2.360926628377458e-01
6.430000000000000e-01 -2.364420056023306e-01 -2.364420056023284e-01
6.440000000000000e-01 -2.367894872025008e-01 -2.367894872025002e-01
6.450000000000000e-01 -2.371350941598015e-01 -2.371350941598000e-01
6.460000000000000e-01 -2.374788129356669e-01 -2.374788129356658e-01
6.470000000000000e-01 -2.378206299309567e-01 -2.378206299309545e-01
6.480000000000000e-01 -2.381605314854860e-01 -2.381605314854853e-01
6.490000000000000e-01 -2.384985038775511e-01 -2.384985038775495e-01
6.500000000000000e-01 -2.388345333234492e-01 -2.388345333234479e-01
6.510000000000000e-01 -2.391686059769933e-01 -2.391686059769910e-01
6.520000000000000e-01 -2.395007079290218e-01 -2.395007079290213e-01
6.530000000000000e-01 -2.398308252069027e-01 -2.398308252069011e-01
6.540000000000000e-01 -2.401589437740318e-01 -2.401589437740306e-01
6.550000000000000e-01 -2.404850495293269e-01 -2.404850495293247e-01
6.560000000000000e-01 -2.408091283067144e-01 -2.408091283067137e-01
6.570000000000000e-01 -2.411311658746118e-01 -2.411311658746101e-01
6.580000000000000e-01 -2.414511479354038e-01 -2.414511479354025e-01
6.590000000000000e-01 -2.417690601249123e-01 -2.417690601249100e-01
6.600000000000000e-01 -2.420848880118611e-01 -2.420848880118606e-01
6.610000000000000e-01 -2.423986170973344e-01 -2.423986170973328e-01
6.620000000000000e-01 -2.427102328142287e-01 -2.427102328142275e-01
6.630000000000000e-01 -2.430197205266993e-01 -2.430197205266972e-01
6.640000000000000e-01 -2.433270655296000e-01 -2.433270655295993e-01
6.650000000000000e-01 -2.436322530479164e-01 -2.436322530479147e-01
6.660000000000000e-01 -2.439352682361933e-01 -2.439352682361920e-01
6.670000000000000e-01 -2.442360961779551e-01 -2.442360961779528e-01
6.680000000000000e-01 -2.445347218851193e-01 -2.445347218851188e-01
6.690000000000000e-01 -2.448311302974040e-01 -2.448311302974024e-01
6.700000000000000e-01 -2.451253062817283e-01 -2.451253062817271e-01
6.710000000000000e-01 -2.454172346316049e-01 -2.454172346316027e-01
6.720000000000000e-01 -2.457069000665273e-01 -2.457069000665263e-01
6.730000000000000e-01 -2.459942872313484e-01 -2.459942872313465e-01
6.740000000000000e-01 -2.462793806956526e-01 -2.462793806956510e-01
6.750000000000000e-01 -2.465621649531202e-01 -2.465621649531175e-01
6.760000000000000e-01 -2.468426244208844e-01 -2.468426244208837e-01
6.770000000000000e-01 -2.471207434388814e-01 -2.471207434388795e-01
6.780000000000000e-01 -2.473965062691912e-01 -2.473965062691897e-01
6.790000000000000e-01 -2.476698970953725e-01 -2.476698970953700e-01
6.800000000000000e-01 -2.479409000217882e-01 -2.479409000217873e-01
6.810000000000000e-01 -2.482094990729236e-01 -2.482094990729216e-01
6.820000000000001e-01 -2.484756781926963e-01 -2.484756781926947e-01
6.830000000000001e-01 -2.487394212437576e-01 -2.487394212437549e-01
6.840000000000001e-01 -2.490007120067855e-01 -2.490007120067847e-01
6.850000000000001e-01 -2.492595341797696e-01 -2.492595341797678e-01
6.860000000000001e-01 -2.495158713772869e-01 -2.495158713772854e-01
6.870000000000001e-01 -2.497697071297683e-01 -2.497697071297658e-01
6.879999999999999e-01 -2.500210248827573e-01 -2.500210248827565e-01
6.889999999999999e-01 -2.502698079961592e-01 -2.502698079961572e-01
6.899999999999999e-01 -2.505160397434799e-01 -2.505160397434784e-01
6.909999999999999e-01 -2.507597033110572e-01 -2.507597033110545e-01
6.919999999999999e-01 -2.510007817972810e-01 -2.510007817972803e-01
6.929999999999999e-01 -2.512392582118049e-01 -2.512392582118030e-01
6.940000000000000e-01 -2.514751154747472e-01 -2.514751154747457e-01
6.950000000000000e-01 -2.517083364158824e-01 -2.517083364158800e-01
6.960000000000000e-01 -2.519389037738224e-01 -2.519389037738215e-01
6.970000000000000e-01 -2.521668001951873e-01 -2.521668001951853e-01
6.980000000000000e-01 -2.523920082337656e-01 -2.523920082337640e-01
6.990000000000000e-01 -2.526145103496640e-01 -2.526145103496612e-01
7.000000000000000e-01 -2.528342889084466e-01 -2.528342889084458e-01
7.010000000000000e-01 -2.530513261802624e-01 -2.530513261802605e-01
7.020000000000000e-01 -2.532656043389626e-01 -2.532656043389611e-01
7.030000000000000e-01 -2.534771054612049e-01 -2.534771054612023e-01
7.040000000000000e-01 -2.536858115255486e-01 -2.536858115255475e-01
7.050000000000000e-01 -2.538917044115359e-01 -2.538917044115336e-01
7.060000000000000e-01 -2.540947658987622e-01 -2.540947658987604e-01
7.070000000000000e-01 -2.542949776659342e-01 -2.542949776659312e-01
7.080000000000000e-01 -2.544923212899156e-01 -2.544923212899146e-01
7.090000000000000e-01 -2.546867782447603e-01 -2.546867782447583e-01
7.100000000000000e-01 -2.548783299007330e-01 -2.548783299007313e-01
7.110000000000000e-01 -2.550669575233161e-01 -2.550669575233133e-01
7.120000000000000e-01 -2.552526422722046e-01 -2.552526422722035e-01
7.130000000000000e-01 -2.554353652002866e-01 -2.554353652002844e-01
7.140000000000000e-01 -2.556151072526112e-01 -2.556151072526093e-01
7.150000000000000e-01 -2.557918492653407e-01 -2.557918492653377e-01
7.160000000000000e-01 -2.559655719646914e-01 -2.559655719646904e-01
7.170000000000000e-01 -2.561362559658574e-01 -2.561362559658553e-01
7.180000000000000e-01 -2.563038817719217e-01 -2.563038817719200e-01
7.190000000000000e-01 -2.564684297727514e-01 -2.564684297727486e-01
7.200000000000000e-01 -2.566298802438781e-01 -2.566298802438770e-01
7.210000000000000e-01 -2.567882133453636e-01 -2.567882133453613e-01
7.220000000000000e-01 -2.569434091206487e-01 -2.569434091206468e-01
7.230000000000000e-01 -2.570954474953871e-01 -2.570954474953840e-01
7.240000000000000e-01 -2.572443082762628e-01 -2.572443082762618e-01
7.250000000000000e-01 -2.573899711497909e-01 -2.573899711497887e-01
7.260000000000000e-01 -2.575324156811022e-01 -2.575324156811005e-01
7.270000000000000e-01 -2.576716213127096e-01 -2.576716213127068e-01
7.280000000000000e-01 -2.578075673632587e-01 -2.578075673632575e-01
7.290000000000000e-01 -2.579402330262592e-01 -2.579402330262568e-01
7.300000000000000e-01 -2.580695973687995e-01 -2.580695973687976e-01
7.310000000000000e-01 -2.581956393302424e-01 -2.581956393302394e-01
7.320000000000000e-01 -2.583183377209019e-01 -2.583183377209008e-01
7.330000000000000e-01 -2.584376712207018e-01 -2.584376712206995e-01
7.340000000000000e-01 -2.585536183778143e-01 -2.585536183778125e-01
7.350000000000000e-01 -2.586661576072793e-01 -2.586661576072764e-01
7.360000000000000e-01 -2.587752671896034e-01 -2.587752671896019e-01
7.370000000000000e-01 -2.588809252693383e-01 -2.588809252693357e-01
7.380000000000000e-01 -2.589831098536395e-01 -2.589831098536373e-01
7.390000000000000e-01 -2.590817988108018e-01 -2.590817988107984e-01
7.400000000000000e-01 -2.591769698687756e-01 -2.591769698687744e-01
7.410000000000000e-01 -2.592686006136592e-01 -2.592686006136566e-01
7.420000000000000e-01 -2.593566684881696e-01 -2.593566684881675e-01
7.430000000000000e-01 -2.594411507900909e-01 -2.594411507900878e-01
7.440000000000000e-01 -2.595220246706983e-01 -2.595220246706968e-01
7.450000000000000e-01 -2.595992671331595e-01 -2.595992671331568e-01
7.460000000000000e-01 -2.596728550309109e-01 -2.596728550309086e-01
7.470000000000000e-01 -2.597427650660103e-01 -2.597427650660069e-01
7.480000000000000e-01 -2.598089737874636e-01 -2.598089737874623e-01
7.490000000000000e-01 -2.598714575895265e-01 -2.598714575895241e-01
7.500000000000000e-01 -2.599301927099795e-01 -2.599301927099774e-01
7.510000000000000e-01 -2.599851552283768e-01 -2.599851552283736e-01
7.520000000000000e-01 -2.600363210642681e-01 -2.600363210642666e-01
7.530000000000000e-01 -2.600836659753925e-01 -2.600836659753899e-01
7.540000000000000e-01 -2.601271655558444e-01 -2.601271655558421e-01
7.550000000000000e-01 -2.601667952342099e-01 -2.601667952342065e-01
7.560000000000000e-01 -2.602025302716757e-01 -2.602025302716744e-01
7.570000000000000e-01 -2.602343457601058e-01 -2.602343457601034e-01
7.580000000000000e-01 -2.602622166200894e-01 -2.602622166200873e-01
7.590000000000000e-01 -2.602861175989564e-01 -2.602861175989533e-01
7.600000000000000e-01 -2.603060232687626e-01 -2.603060232687612e-01
7.610000000000000e-01 -2.603219080242409e-01 -2.603219080242383e-01
7.620000000000000e-01 -2.603337460807205e-01 -2.603337460807182e-01
7.630000000000000e-01 -2.603415114720119e-01 -2.603415114720085e-01
7.640000000000000e-01 -2.603451780482576e-01 -2.603451780482564e-01
7.650000000000000e-01 -2.603447194737475e-01 -2.603447194737450e-01
7.660000000000000e-01 -2.603401092246984e-01 -2.603401092246963e-01
7.670000000000000e-01 -2.603313205869968e-01 -2.603313205869936e-01
7.680000000000000e-01 -2.603183266539048e-01 -2.603183266539039e-01
7.690000000000000e-01 -2.603011003237269e-01 -2.603011003237249e-01
7.700000000000000e-01 -2.602796142974386e-01 -2.602796142974369e-01
7.710000000000000e-01 -2.602538410762741e-01 -2.602538410762713e-01
7.720000000000000e-01 -2.602237529592750e-01 -2.602237529592743e-01
7.730000000000000e-01 -2.601893220407954e-01 -2.601893220407935e-01
7.740000000000000e-01 -2.601505202079660e-01 -2.601505202079646e-01
7.750000000000000e-01 -2.601073191381144e-01 -2.601073191381118e-01
7.760000000000000e-01 -2.600596902961405e-01 -2.600596902961397e-01
7.770000000000000e-01 -2.600076049318476e-01 -2.600076049318456e-01
7.780000000000000e-01 -2.599510340772261e-01 -2.599510340772245e-01
7.790000000000000e-01 -2.598899485436909e-01 -2.598899485436881e-01
7.800000000000000e-01 -2.598243189192695e-01 -2.598243189192688e-01
7.810000000000000e-01 -2.597541155657412e-01 -2.597541155657394e-01
7.820000000000000e-01 -2.596793086157261e-01 -2.596793086157247e-01
7.830000000000000e-01 -2.595998679697208e-01 -2.595998679697183e-01
7.840000000000000e-01 -2.595157632930838e-01 -2.595157632930830e-01
7.850000000000000e-01 -2.594269640129639e-01 -2.594269640129619e-01
7.860000000000000e-01 -2.593334393151759e-01 -2.593334393151743e-01
7.870000000000000e-01 -2.592351581410179e-01 -2.592351581410152e-01
7.880000000000000e-01 -2.591320891840322e-01 -2.591320891840316e-01
7.890000000000000e-01 -2.590242008867051e-01 -2.590242008867034e-01
7.900000000000000e-01 -2.589114614371085e-01 -2.589114614371071e-01
7.910000000000000e-01 -2.587938387654773e-01 -2.587938387654748e-01
7.920000000000000e-01 -2.586713005407250e-01 -2.586713005407242e-01
7.930000000000000e-01 -2.585438141668932e-01 -2.585438141668913e-01
7.940000000000000e-01 -2.584113467795353e-01 -2.584113467795337e-01
7.950000000000000e-01 -2.582738652420317e-01 -2.582738652420291e-01
7.960000000000000e-01 -2.581313361418361e-01 -2.581313361418355e-01
7.970000000000000e-01 -2.579837257866491e-01 -2.579837257866473e-01
7.980000000000000e-01 -2.578310002005200e-01 -2.578310002005187e-01
7.990000000000000e-01 -2.576731251198727e-01 -2.576731251198703e-01
8.000000000000000e-01 -2.575100659894560e-01 -2.575100659894550e-01
8.010000000000000e-01 -2.573417879582143e-01 -2.573417879582122e-01
8.020000000000000e-01 -2.571682558750780e-01 -2.571682558750763e-01
8.030000000000000e-01 -2.569894342846721e-01 -2.569894342846692e-01
8.040000000000000e-01 -2.568052874229392e-01 -2.568052874229385e-01
8.050000000000000e-01 -2.566157792126768e-01 -2.566157792126749e-01
8.060000000000000e-01 -2.564208732589847e-01 -2.564208732589831e-01
8.070000000000001e-01 -2.562205328446220e-01 -2.562205328446194e-01
8.080000000000001e-01 -2.560147209252709e-01 -2.560147209252699e-01
8.090000000000001e-01 -2.558034001247036e-01 -2.558034001247016e-01
8.100000000000001e-01 -2.555865327298520e-01 -2.555865327298504e-01
8.110000000000001e-01 -2.553640806857760e-01 -2.553640806857732e-01
8.120000000000001e-01 -2.551360055905283e-01 -2.551360055905276e-01
8.129999999999999e-01 -2.549022686899136e-01 -2.549022686899117e-01
8.139999999999999e-01 -2.546628308721380e-01 -2.546628308721365e-01
8.149999999999999e-01 -2.544176526623473e-01 -2.544176526623447e-01
8.159999999999999e-01 -2.541666942170505e-01 -2.541666942170495e-01
8.169999999999999e-01 -2.539099153184246e-01 -2.539099153184227e-01
8.179999999999999e-01 -2.536472753684997e-01 -2.536472753684981e-01
8.190000000000000e-01 -2.533787333832183e-01 -2.533787333832155e-01
8.200000000000000e-01 -2.531042479863684e-01 -2.531042479863677e-01
8.210000000000000e-01 -2.528237774033844e-01 -2.528237774033827e-01
8.220000000000000e-01 -2.525372794550136e-01 -2.525372794550122e-01
8.230000000000000e-01 -2.522447115508446e-01 -2.522447115508422e-01
8.240000000000000e-01 -2.519460306826926e-01 -2.519460306826917e-01
8.250000000000000e-01 -2.516411934178387e-01 -2.516411934178368e-01
8.260000000000000e-01 -2.513301558921197e-01 -2.513301558921182e-01
8.270000000000000e-01 -2.510128738028616e-01 -2.510128738028590e-01
8.280000000000000e-01 -2.506893024016553e-01 -2.506893024016547e-01
8.290000000000000e-01 -2.503593964869682e-01 -2.503593964869665e-01
8.300000000000000e-01 -2.500231103965876e-01 -2.500231103965863e-01
8.310000000000000e-01 -2.496803979998909e-01 -2.496803979998884e-01
8.320000000000000e-01 -2.493312126899373e-01 -2.493312126899362e-01
8.330000000000000e-01 -2.489755073753769e-01 -2.489755073753748e-01
8.340000000000000e-01 -2.486132344721697e-01 -2.486132344721679e-01
8.350000000000000e-01 -2.482443458951115e-01 -2.482443458951087e-01
8.360000000000000e-01 -2.478687930491581e-01 -2.478687930491573e-01
8.370000000000000e-01 -2.474865268205446e-01 -2.474865268205427e-01
8.380000000000000e-01 -2.470974975676914e-01 -2.470974975676899e-01
8.390000000000000e-01 -2.467016551118918e-01 -2.467016551118894e-01
8.400000000000000e-01 -2.462989487277729e-01 -2.462989487277719e-01
8.410000000000000e-01 -2.458893271335253e-01 -2.458893271335233e-01
8.420000000000000e-01 -2.454727384808920e-01 -2.454727384808904e-01
8.430000000000000e-01 -2.450491303449109e-01 -2.450491303449083e-01
8.440000000000000e-01 -2.446184497134011e-01 -2.446184497134003e-01
8.450000000000000e-01 -2.441806429761871e-01 -2.441806429761853e-01
8.460000000000000e-01 -2.437356559140515e-01 -2.437356559140501e-01
8.470000000000000e-01 -2.432834336874070e-01 -2.432834336874047e-01
8.480000000000000e-01 -2.428239208246799e-01 -2.428239208246790e-01
8.490000000000000e-01 -2.423570612103945e-01 -2.423570612103926e-01
8.500000000000000e-01 -2.418827980729499e-01 -2.418827980729483e-01
8.510000000000000e-01 -2.414010739720777e-01 -2.414010739720752e-01
8.520000000000000e-01 -2.409118307859717e-01 -2.409118307859711e-01
8.530000000000000e-01 -2.404150096980766e-01 -2.404150096980749e-01
8.540000000000000e-01 -2.399105511835266e-01 -2.399105511835252e-01
8.550000000000000e-01 -2.393983949952198e-01 -2.393983949952175e-01
8.560000000000000e-01 -2.388784801495180e-01 -2.388784801495172e-01
8.570000000000000e-01 -2.383507449115580e-01 -2.383507449115562e-01
8.580000000000000e-01 -2.378151267801605e-01 -2.378151267801590e-01
8.590000000000000e-01 -2.372715624723241e-01 -2.372715624723216e-01
8.600000000000000e-01 -2.367199879072891e-01 -2.367199879072885e-01
8.610000000000000e-01 -2.361603381901551e-01 -2.361603381901535e-01
8.620000000000000e-01 -2.355925475950386e-01 -2.355925475950374e-01
8.630000000000000e-01 -2.350165495477520e-01 -2.350165495477498e-01
8.640000000000000e-01 -2.344322766079880e-01 -2.344322766079870e-01
8.650000000000000e-01 -2.338396604509915e-01 -2.338396604509896e-01
8.660000000000000e-01 -2.332386318486996e-01 -2.332386318486980e-01
8.670000000000000e-01 -2.326291206503306e-01 -2.326291206503281e-01
8.680000000000000e-01 -2.320110557624013e-01 -2.320110557624006e-01
8.690000000000000e-01 -2.313843651281516e-01 -2.313843651281499e-01
8.700000000000000e-01 -2.307489757063533e-01 -2.307489757063519e-01
8.710000000000000e-01 -2.301048134494808e-01 -2.301048134494786e-01
8.720000000000000e-01 -2.294518032812182e-01 -2.294518032812173e-01
8.730000000000000e-01 -2.287898690732780e-01 -2.287898690732763e-01
8.740000000000000e-01 -2.281189336215043e-01 -2.281189336215029e-01
8.750000000000000e-01 -2.274389186212320e-01 -2.274389186212297e-01
8.760000000000000e-01 -2.267497446418741e-01 -2.267497446418734e-01
8.770000000000000e-01 -2.260513311007041e-01 -2.260513311007025e-01
8.780000000000000e-01 -2.253435962358031e-01 -2.253435962358019e-01
8.790000000000000e-01 -2.246264570781373e-01 -2.246264570781352e-01
8.800000000000000e-01 -2.238998294227296e-01 -2.238998294227288e-01
8.810000000000000e-01 -2.231636277988886e-01 -2.231636277988870e-01
8.820000000000000e-01 -2.224177654394563e-01 -2.224177654394550e-01
8.830000000000000e-01 -2.216621542490326e-01 -2.216621542490304e-01
8.840000000000000e-01 -2.208967047711332e-01 -2.208967047711327e-01
8.850000000000000e-01 -2.201213261542372e-01 -2.201213261542359e-01
8.860000000000000e-01 -2.193359261166742e-01 -2.193359261166730e-01
8.870000000000000e-01 -2.185404109103019e-01 -2.185404109103001e-01
8.880000000000000e-01 -2.177346852829225e-01 -2.177346852829218e-01
8.890000000000000e-01 -2.169186524393785e-01 -2.169186524393771e-01
8.900000000000000e-01 -2.160922140012737e-01 -2.160922140012725e-01
8.910000000000000e-01 -2.152552699652539e-01 -2.152552699652520e-01
8.920000000000000e-01 -2.144077186597843e-01 -2.144077186597838e-01
8.930000000000000e-01 -2.135494567003526e-01 -2.135494567003513e-01
8.940000000000000e-01 -2.126803789430273e-01 -2.126803789430262e-01
8.950000000000000e-01 -2.118003784362930e-01 -2.118003784362914e-01
8.960000000000000e-01 -2.109093463710818e-01 -2.109093463710809e-01
8.970000000000000e-01 -2.100071720289143e-01 -2.100071720289128e-01
8.980000000000000e-01 -2.090937427280617e-01 -2.090937427280604e-01
8.990000000000000e-01 -2.081689437676295e-01 -2.081689437676276e-01
9.000000000000000e-01 -2.072326583694641e-01 -2.072326583694634e-01
9.010000000000000e-01 -2.062847676177724e-01 -2.062847676177711e-01
9.020000000000000e-01 -2.053251503963411e-01 -2.053251503963400e-01
9.030000000000000e-01 -2.043536833232345e-01 -2.043536833232329e-01
9.040000000000000e-01 -2.033702406828410e-01 -2.033702406828403e-01
9.050000000000000e-01 -2.023746943551327e-01 -2.023746943551314e-01
9.060000000000000e-01 -2.013669137419921e-01 -2.013669137419909e-01
9.070000000000000e-01 -2.003467656904519e-01 -2.003467656904502e-01
9.080000000000000e-01 -1.993141144126832e-01 -1.993141144126825e-01
9.090000000000000e-01 -1.982688214025561e-01 -1.982688214025549e-01
9.100000000000000e-01 -1.972107453485883e-01 -1.972107453485873e-01
9.110000000000000e-01 -1.961397420430805e-01 -1.961397420430790e-01
9.120000000000000e-01 -1.950556642872274e-01 -1.950556642872268e-01
9.130000000000000e-01 -1.939583617919778e-01 -1.939583617919767e-01
9.140000000000000e-01 -1.928476810744011e-01 -1.928476810744001e-01
9.150000000000000e-01 -1.917234653493013e-01 -1.917234653492998e-01
9.160000000000000e-01 -1.905855544158016e-01 -1.905855544158012e-01
9.170000000000000e-01 -1.894337845386025e-01 -1.894337845386015e-01
9.180000000000000e-01 -1.882679883235954e-01 -1.882679883235945e-01
9.190000000000000e-01 -1.870879945874896e-01 -1.870879945874884e-01
9.200000000000000e-01 -1.858936282210876e-01 -1.858936282210871e-01
9.210000000000000e-01 -1.846847100458132e-01 -1.846847100458123e-01
9.220000000000000e-01 -1.834610566630707e-01 -1.834610566630699e-01
9.230000000000000e-01 -1.822224802959762e-01 -1.822224802959750e-01
9.240000000000000e-01 -1.809687886229742e-01 -1.809687886229739e-01
9.250000000000000e-01 -1.796997846028042e-01 -1.796997846028034e-01
9.260000000000000e-01 -1.784152662902494e-01 -1.784152662902487e-01
9.270000000000000e-01 -1.771150266420474e-01 -1.771150266420464e-01
9.280000000000000e-01 -1.757988533122936e-01 -1.757988533122932e-01
9.290000000000000e-01 -1.744665284366146e-01 -1.744665284366139e-01
9.300000000000000e-01 -1.731178284043238e-01 -1.731178284043231e-01
9.310000000000000e-01 -1.717525236177101e-01 -1.717525236177091e-01
9.320000000000001e-01 -1.703703782375309e-01 -1.703703782375307e-01
9.330000000000001e-01 -1.689711499137036e-01 -1.689711499137030e-01
9.340000000000001e-01 -1.675545895000978e-01 -1.675545895000973e-01
9.350000000000001e-01 -1.661204407522320e-01 -1.661204407522313e-01
9.360000000000001e-01 -1.646684400065681e-01 -1.646684400065678e-01
9.370000000000001e-01 -1.631983158399759e-01 -1.631983158399753e-01
9.379999999999999e-01 -1.617097887078029e-01 -1.617097887078025e-01
9.389999999999999e-01 -1.602025705588348e-01 -1.602025705588341e-01
9.399999999999999e-01 -1.586763644252661e-01 -1.586763644252660e-01
9.409999999999999e-01 -1.571308639856077e-01 -1.571308639856074e-01
9.419999999999999e-01 -1.555657530982540e-01 -1.555657530982537e-01
9.429999999999999e-01 -1.539807053031940e-01 -1.539807053031937e-01
9.440000000000000e-01 -1.523753832890888e-01 -1.523753832890887e-01
9.450000000000000e-01 -1.507494383226390e-01 -1.507494383226388e-01
9.460000000000000e-01 -1.491025096368342e-01 -1.491025096368340e-01
9.470000000000000e-01 -1.474342237742980e-01 -1.474342237742976e-01
9.480000000000000e-01 -1.457441938815135e-01 -1.457441938815136e-01
9.490000000000000e-01 -1.440320189492319e-01 -1.440320189492319e-01
9.500000000000000e-01 -1.422972829938146e-01 -1.422972829938146e-01
9.510000000000000e-01 -1.405395541736316e-01 -1.405395541736316e-01
9.520000000000000e-01 -1.387583838339208e-01 -1.387583838339209e-01
9.530000000000000e-01 -1.369533054726937e-01 -1.369533054726939e-01
9.540000000000000e-01 -1.351238336193247e-01 -1.351238336193248e-01
9.550000000000000e-01 -1.332694626163779e-01 -1.332694626163780e-01
9.560000000000000e-01 -1.313896652939670e-01 -1.313896652939672e-01
9.570000000000000e-01 -1.294838915244882e-01 -1.294838915244884e-01
9.580000000000000e-01 -1.275515666438757e-01 -1.275515666438759e-01
9.590000000000000e-01 -1.255920897235520e-01 -1.255920897235524e-01
9.600000000000000e-01 -1.236048316749390e-01 -1.236048316749393e-01
9.610000000000000e-01 -1.215891331656786e-01 -1.215891331656790e-01
9.620000000000000e-01 -1.195443023235133e-01 -1.195443023235137e-01
9.630000000000000e-01 -1.174696121999862e-01 -1.174696121999868e-01
9.640000000000000e-01 -1.153642979616153e-01 -1.153642979616157e-01
9.650000000000000e-01 -1.132275537708168e-01 -1.132275537708174e-01
9.660000000000000e-01 -1.110585293123962e-01 -1.110585293123967e-01
9.670000000000000e-01 -1.088563259136422e-01 -1.088563259136431e-01
9.680000000000000e-01 -1.066199921966264e-01 -1.066199921966269e-01
9.690000000000000e-01 -1.043485191898152e-01 -1.043485191898160e-01
9.700000000000000e-01 -1.020408348120115e-01 -1.020408348120122e-01
9.710000000000000e-01 -9.969579762426894e-02 -9.969579762427001e-02
9.720000000000000e-01 -9.731218972384956e-02 -9.731218972385011e-02
9.730000000000000e-01 -9.488870862734006e-02 -9.488870862734104e-02
9.740000000000000e-01 -9.242395795608770e-02 -9.242395795608851e-02
9.750000000000000e-01 -8.991643669402725e-02 -8.991643669402859e-02
9.760000000000000e-01 -8.736452673280735e-02 -8.736452673280809e-02
9.770000000000000e-01 -8.476647834786373e-02 -8.476647834786498e-02
9.780000000000000e-01 -8.212039315612218e-02 -8.212039315612321e-02
9.790000000000000e-01 -7.942420398343795e-02 -7.942420398343954e-02
9.800000000000000e-01 -7.667565090639171e-02 -7.667565090639263e-02
9.810000000000000e-01 -7.387225251226481e-02 -7.387225251226620e-02
9.820000000000000e-01 -7.101127111871569e-02 -7.101127111871687e-02
9.830000000000000e-01 -6.808967027454710e-02 -6.808967027454899e-02
9.840000000000000e-01 -6.510406226935170e-02 -6.510406226935271e-02
9.850000000000000e-01 -6.205064252567596e-02 -6.205064252567764e-02
9.860000000000000e-01 -5.892510649306044e-02 -5.892510649306192e-02
9.870000000000000e-01 -5.572254277903086e-02 -5.572254277903310e-02
9.880000000000000e-01 -5.243729334772573e-02 -5.243729334772683e-02
9.890000000000000e-01 -4.906276700727323e-02 -4.906276700727503e-02
9.900000000000000e-01 -4.559118484128214e-02 -4.559118484128368e-02
9.910000000000000e-01 -4.201322332797997e-02 -4.201322332798249e-02
9.920000000000000e-01 -3.831749781923109e-02 -3.831749781923260e-02
9.930000000000000e-01 -3.448978549812137e-02 -3.448978549812390e-02
9.940000000000000e-01 -3.051179900937337e-02 -3.051179900937553e-02
9.950000000000000e-01 -2.635912889857650e-02 -2.635912889857975e-02
9.960000000000000e-01 -2.199750029676320e-02 -2.199750029676487e-02
9.970000000000000e-01 -1.737514668402927e-02 -1.737514668403199e-02
9.980000000000000e-01 -1.240435776445070e-02 -1.240435776445303e-02
9.990000000000000e-01 -6.900847523703161e-03 -6.900847523706843e-03
