x spline sin
0.000000000000000e+00 0.000000000000000e+00 0.000000000000000e+00
1.000000000000000e-03 9.999963464454884e-04 9.999998333333417e-04
2.000000000000000e-03 1.999991904222563e-03 1.999998666666933e-03
3.000000000000000e-03 2.999985884662811e-03 2.999995500002025e-03
4.000000000000000e-03 3.999977499097819e-03 3.999989333341867e-03
5.000000000000000e-03 4.999965958859172e-03 4.999979166692708e-03
6.000000000000000e-03 5.999950475278459e-03 5.999964000064800e-03
7.000000000000001e-03 6.999930259687266e-03 6.999942833473392e-03
8.000000000000000e-03 7.999904523417178e-03 7.999914666939733e-03
8.999999999999999e-03 8.999872477799781e-03 8.999878500492074e-03
1.000000000000000e-02 9.999833334166664e-03 9.999833334166664e-03
1.000000000000000e-02 9.999833334166664e-03 9.999833334166664e-03
1.100000000000000e-02 1.099978609254283e-02 1.099977816800875e-02
1.200000000000000e-02 1.199972890772692e-02 1.199971200207359e-02
1.300000000000000e-02 1.299965972321101e-02 1.299963383642743e-02
1.400000000000000e-02 1.399957648248716e-02 1.399954267114851e-02
1.500000000000000e-02 1.499947712904745e-02 1.499943750632809e-02
1.600000000000000e-02 1.599935960638392e-02 1.599931734207142e-02
1.700000000000000e-02 1.699922185798866e-02 1.699918117849873e-02
1.800000000000000e-02 1.799906182735372e-02 1.799902801574628e-02
1.900000000000000e-02 1.899887745797117e-02 1.899885685396731e-02
2.000000000000000e-02 1.999866669333308e-02 1.999866669333308e-02
2.000000000000000e-02 1.999866669333308e-02 1.999866669333308e-02
2.100000000000000e-02 2.099854381887538e-02 2.099845653403382e-02
2.200000000000000e-02 2.199838850830933e-02 2.199822537627977e-02
2.300000000000000e-02 2.299819677729006e-02 2.299797222030218e-02
2.400000000000000e-02 2.399796464147269e-02 2.399769606635429e-02
2.500000000000000e-02 2.499768811651236e-02 2.499739591471233e-02
2.600000000000000e-02 2.599736321806418e-02 2.599707076567654e-02
2.700000000000000e-02 2.699698596178330e-02 2.699671961957215e-02
2.800000000000000e-02 2.799655236332484e-02 2.799634147675039e-02
2.900000000000000e-02 2.899605843834391e-02 2.899593533758948e-02
3.000000000000000e-02 2.999550020249566e-02 2.999550020249566e-02
3.000000000000000e-02 2.999550020249566e-02 2.999550020249566e-02
3.100000000000000e-02 3.099530647486614e-02 3.099503507190413e-02
3.200000000000000e-02 3.199503744926674e-02 3.199453894628012e-02
3.300000000000000e-02 3.299468612293978e-02 3.299401082611982e-02
3.400000000000000e-02 3.399424549312759e-02 3.399344971195145e-02
3.500000000000000e-02 3.499370855707245e-02 3.499285460433619e-02
3.600000000000000e-02 3.599306831201672e-02 3.599222450386925e-02
3.700000000000000e-02 3.699231775520271e-02 3.699155841118081e-02
3.800000000000000e-02 3.799144988387273e-02 3.799085532693703e-02
3.900000000000000e-02 3.899045769526911e-02 3.899011425184110e-02
4.000000000000000e-02 3.998933418663415e-02 3.998933418663416e-02
4.000000000000000e-02 3.998933418663416e-02 3.998933418663416e-02
4.100000000000000e-02 4.098912158191090e-02 4.098851413209637e-02
4.200000000000000e-02 4.198875965837912e-02 4.198765308904786e-02
4.300000000000000e-02 4.298823742001933e-02 4.298675005834977e-02
4.400000000000000e-02 4.398754387081203e-02 4.398580404090519e-02
4.500000000000000e-02 4.498666801473772e-02 4.498481403766023e-02
4.600000000000000e-02 4.598559885577688e-02 4.598377904960500e-02
4.700000000000000e-02 4.698432539791004e-02 4.698269807777454e-02
4.800000000000000e-02 4.798283664511765e-02 4.798157012324993e-02
4.900000000000000e-02 4.898112160138026e-02 4.898039418715918e-02
5.000000000000000e-02 4.997916927067833e-02 4.997916927067833e-02
5.000000000000000e-02 4.997916927067833e-02 4.997916927067833e-02
5.100000000000000e-02 5.097903417684917e-02 5.097789437503238e-02
5.200000000000000e-02 5.197863480537745e-02 5.197656850149630e-02
5.300000000000001e-02 5.297795516160458e-02 5.297519065139605e-02
5.400000000000001e-02 5.397697925087204e-02 5.397375982610956e-02
5.500000000000000e-02 5.497569107852126e-02 5.497227502706773e-02
5.600000000000000e-02 5.597407464989370e-02 5.597073525575547e-02
5.700000000000000e-02 5.697211397033080e-02 5.696913951371262e-02
5.800000000000000e-02 5.796979304517402e-02 5.796748680253500e-02
5.900000000000000e-02 5.896709587976480e-02 5.896577612387541e-02
6.000000000000000e-02 5.996400647944460e-02 5.996400647944460e-02
6.000000000000000e-02 5.996400647944460e-02 5.996400647944460e-02
6.100000000000000e-02 6.096409043145243e-02 6.096217687101231e-02
6.200000000000000e-02 6.196374416400368e-02 6.196028630040824e-02
6.300000000000000e-02 6.296294568721134e-02 6.295833376952302e-02
6.400000000000000e-02 6.396167301118832e-02 6.395631828030929e-02
6.500000000000000e-02 6.495990414604765e-02 6.495423883478260e-02
6.600000000000000e-02 6.595761710190225e-02 6.595209443502249e-02
6.700000000000000e-02 6.695478988886511e-02 6.694988408317346e-02
6.800000000000000e-02 6.795140051704916e-02 6.794760678144590e-02
6.899999999999999e-02 6.894742699656739e-02 6.894526153211722e-02
6.999999999999999e-02 6.994284733753275e-02 6.994284733753275e-02
7.000000000000001e-02 6.994284733753277e-02 6.994284733753277e-02
7.100000000000001e-02 7.094333680353404e-02 7.094036320010680e-02
7.200000000000001e-02 7.194316915777074e-02 7.193780812232355e-02
7.300000000000001e-02 7.294231541691808e-02 7.293518110673818e-02
7.400000000000001e-02 7.394074659765140e-02 7.393248115597775e-02
7.500000000000001e-02 7.493843371664596e-02 7.492970727274235e-02
7.600000000000001e-02 7.593534779057710e-02 7.592685845980592e-02
7.700000000000001e-02 7.693145983612003e-02 7.692393372001735e-02
7.800000000000001e-02 7.792674086995009e-02 7.792093205630148e-02
7.900000000000000e-02 7.892116190874254e-02 7.891785247166003e-02
8.000000000000000e-02 7.991469396917270e-02 7.991469396917270e-02
8.000000000000000e-02 7.991469396917270e-02 7.991469396917270e-02
8.100000000000000e-02 8.091582038529287e-02 8.091145555199805e-02
8.200000000000000e-02 8.191599186605059e-02 8.190813622337459e-02
8.300000000000000e-02 8.291517143777040e-02 8.290473498662174e-02
8.400000000000001e-02 8.391332212677687e-02 8.390125084514082e-02
8.500000000000001e-02 8.491040695939456e-02 8.489768280241602e-02
8.600000000000001e-02 8.590638896194805e-02 8.589402986201553e-02
8.700000000000001e-02 8.690123116076186e-02 8.689029102759231e-02
8.799999999999999e-02 8.789489658216060e-02 8.788646530288530e-02
8.900000000000000e-02 8.888734825246881e-02 8.888255169172031e-02
9.000000000000000e-02 8.987854919801104e-02 8.987854919801104e-02
9.000000000000000e-02 8.987854919801104e-02 8.987854919801104e-02
9.100000000000000e-02 9.088058893078170e-02 9.087445682576008e-02
9.200000000000000e-02 9.188129500481382e-02 9.187027357905984e-02
9.300000000000000e-02 9.288062145981030e-02 9.286599846209370e-02
9.400000000000000e-02 9.387852233547396e-02 9.386163047913683e-02
9.500000000000000e-02 9.487495167150771e-02 9.485716863455730e-02
9.600000000000000e-02 9.586986350761439e-02 9.585261193281704e-02
9.700000000000000e-02 9.686321188349692e-02 9.684795937847283e-02
9.800000000000000e-02 9.785495083885813e-02 9.784320997617732e-02
9.899999999999999e-02 9.884503441340092e-02 9.883836273067997e-02
9.999999999999999e-02 9.983341664682814e-02 9.983341664682814e-02
1.000000000000000e-01 9.983341664682815e-02 9.983341664682815e-02
1.010000000000000e-01 1.008366909692647e-01 1.008283707295680e-01
1.020000000000000e-01 1.018381620480434e-01 1.018232239839455e-01
1.030000000000000e-01 1.028377739409192e-01 1.028179754151075e-01
1.040000000000000e-01 1.038354707056469e-01 1.038126240283027e-01
1.050000000000000e-01 1.048311963999813e-01 1.048071688288825e-01
1.060000000000000e-01 1.058248950816773e-01 1.058016088223022e-01
1.070000000000000e-01 1.068165108084898e-01 1.067959430141219e-01
1.080000000000000e-01 1.078059876381737e-01 1.077901704100075e-01
1.090000000000000e-01 1.087932696284837e-01 1.087842900157316e-01
1.100000000000000e-01 1.097783008371748e-01 1.097783008371748e-01
1.100000000000000e-01 1.097783008371748e-01 1.097783008371748e-01
1.110000000000000e-01 1.107831758954588e-01 1.107722018803263e-01
1.120000000000000e-01 1.117856773113502e-01 1.117659921512852e-01
1.130000000000000e-01 1.127857381663204e-01 1.127596706562612e-01
1.140000000000000e-01 1.137832915418408e-01 1.137532364015760e-01
1.150000000000000e-01 1.147782705193829e-01 1.147466883936638e-01
1.160000000000000e-01 1.157706081804181e-01 1.157400256390728e-01
1.170000000000000e-01 1.167602376064180e-01 1.167332471444658e-01
1.180000000000000e-01 1.177470918788538e-01 1.177263519166214e-01
1.190000000000000e-01 1.187311040791971e-01 1.187193389624349e-01
1.200000000000000e-01 1.197122072889194e-01 1.197122072889194e-01
1.200000000000000e-01 1.197122072889194e-01 1.197122072889194e-01
1.210000000000000e-01 1.207190940658548e-01 1.207049559032065e-01
1.220000000000000e-01 1.217229260455991e-01 1.216975838125477e-01
1.230000000000000e-01 1.227236243401108e-01 1.226900900243153e-01
1.240000000000000e-01 1.237211100613484e-01 1.236824735460031e-01
1.250000000000000e-01 1.247153043212704e-01 1.246747333852277e-01
1.260000000000000e-01 1.257061282318354e-01 1.256668685497292e-01
1.270000000000000e-01 1.266935029050018e-01 1.266588780473727e-01
1.280000000000000e-01 1.276773494527282e-01 1.276507608861487e-01
1.290000000000000e-01 1.286575889869730e-01 1.286425160741745e-01
1.300000000000000e-01 1.296341426196949e-01 1.296341426196949e-01
1.300000000000000e-01 1.296341426196949e-01 1.296341426196949e-01
1.310000000000000e-01 1.306434968932823e-01 1.306256395310834e-01
1.320000000000000e-01 1.316489945277239e-01 1.316170058168434e-01
1.330000000000000e-01 1.326505436734381e-01 1.326082404856084e-01
1.340000000000000e-01 1.336480524808437e-01 1.335993425461441e-01
1.350000000000000e-01 1.346414291003593e-01 1.345903110073483e-01
1.360000000000000e-01 1.356305816824033e-01 1.355811448782528e-01
1.370000000000000e-01 1.366154183773944e-01 1.365718431680236e-01
1.380000000000000e-01 1.375958473357513e-01 1.375624048859627e-01
1.390000000000000e-01 1.385717767078924e-01 1.385528290415083e-01
1.400000000000000e-01 1.395431146442365e-01 1.395431146442365e-01
1.400000000000000e-01 1.395431146442365e-01 1.395431146442365e-01
1.410000000000000e-01 1.405554369418054e-01 1.405332607038616e-01
1.420000000000000e-01 1.415629701521517e-01 1.415232662302378e-01
1.430000000000000e-01 1.425656084734311e-01 1.425131302333595e-01
1.440000000000000e-01 1.435632461037993e-01 1.435028517233628e-01
1.450000000000000e-01 1.445557772414122e-01 1.444924297105264e-01
1.460000000000000e-01 1.455430960844255e-01 1.454818632052723e-01
1.470000000000000e-01 1.465250968309951e-01 1.464711512181672e-01
1.480000000000000e-01 1.475016736792767e-01 1.474602927599230e-01
1.490000000000000e-01 1.484727208274262e-01 1.484492868413984e-01
1.500000000000000e-01 1.494381324735992e-01 1.494381324735992e-01
1.500000000000000e-01 1.494381324735992e-01 1.494381324735992e-01
1.510000000000000e-01 1.504539680213773e-01 1.504268286676801e-01
1.520000000000000e-01 1.514639415219093e-01 1.514153744349448e-01
1.530000000000000e-01 1.524679322317697e-01 1.524037687868477e-01
1.540000000000000e-01 1.534658194075330e-01 1.533920107349945e-01
1.550000000000000e-01 1.544574823057737e-01 1.543800992911434e-01
1.560000000000000e-01 1.554428001830664e-01 1.553680334672059e-01
1.570000000000000e-01 1.564216522959854e-01 1.563558122752478e-01
1.580000000000000e-01 1.573939179011053e-01 1.573434347274905e-01
1.590000000000000e-01 1.583594762550007e-01 1.583308998363115e-01
1.600000000000000e-01 1.593182066142460e-01 1.593182066142460e-01
1.600000000000000e-01 1.593182066142460e-01 1.593182066142460e-01
1.610000000000000e-01 1.603381452823933e-01 1.603053540739870e-01
1.620000000000000e-01 1.613509985396450e-01 1.612923412283874e-01
1.630000000000000e-01 1.623566297131807e-01 1.622791670904600e-01
1.640000000000000e-01 1.633549021301805e-01 1.632658306733790e-01
1.650000000000000e-01 1.643456791178242e-01 1.642523309904810e-01
1.660000000000000e-01 1.653288240032916e-01 1.652386670552656e-01
1.670000000000000e-01 1.663042001137626e-01 1.662248378813970e-01
1.680000000000000e-01 1.672716707764171e-01 1.672108424827043e-01
1.690000000000000e-01 1.682310993184350e-01 1.681966798731831e-01
1.700000000000000e-01 1.691823490669960e-01 1.691823490669960e-01
1.700000000000000e-01 1.691823490669960e-01 1.691823490669960e-01
1.710000000000000e-01 1.702070253100926e-01 1.701678490784740e-01
1.720000000000000e-01 1.712232324984901e-01 1.711531789221170e-01
1.730000000000000e-01 1.722308170437659e-01 1.721383376125954e-01
1.740000000000000e-01 1.732296253574981e-01 1.731233241647506e-01
1.750000000000000e-01 1.742195038512642e-01 1.741081375935960e-01
1.760000000000000e-01 1.752002989366420e-01 1.750927769143183e-01
1.770000000000000e-01 1.761718570252091e-01 1.760772411422783e-01
1.780000000000000e-01 1.771340245285434e-01 1.770615292930118e-01
1.790000000000000e-01 1.780866478582225e-01 1.780456403822308e-01
1.800000000000000e-01 1.790295734258242e-01 1.790295734258242e-01
1.800000000000000e-01 1.790295734258242e-01 1.790295734258242e-01
1.810000000000000e-01 1.800596662188080e-01 1.800133274398591e-01
1.820000000000000e-01 1.810797361727669e-01 1.809969014405816e-01
1.830000000000000e-01 1.820896117991754e-01 1.819802944444177e-01
1.840000000000000e-01 1.830891216095083e-01 1.829635054679746e-01
1.850000000000000e-01 1.840780941152402e-01 1.839465335280412e-01
1.860000000000000e-01 1.850563578278459e-01 1.849293776415896e-01
1.870000000000000e-01 1.860237412588001e-01 1.859120368257758e-01
1.880000000000000e-01 1.869800729195775e-01 1.868945100979407e-01
1.890000000000000e-01 1.879251813216527e-01 1.878767964756111e-01
1.900000000000000e-01 1.888588949765006e-01 1.888588949765006e-01
1.900000000000000e-01 1.888588949765006e-01 1.888588949765006e-01
1.910000000000000e-01 1.898951277460506e-01 1.898408046185109e-01
1.920000000000000e-01 1.909196039085263e-01 1.908225244197324e-01
1.930000000000000e-01 1.919321330926061e-01 1.918040533984453e-01
1.940000000000000e-01 1.929325249269682e-01 1.927853905731209e-01
1.950000000000000e-01 1.939205890402912e-01 1.937665349624219e-01
1.960000000000000e-01 1.948961350612533e-01 1.947474855852042e-01
1.970000000000000e-01 1.958589726185330e-01 1.957282414605170e-01
1.980000000000000e-01 1.968089113408086e-01 1.967088016076048e-01
1.990000000000000e-01 1.977457608567586e-01 1.976891650459073e-01
2.000000000000000e-01 1.986693307950612e-01 1.986693307950612e-01
2.000000000000000e-01 1.986693307950612e-01 1.986693307950612e-01
2.010000000000000e-01 1.997124713464186e-01 1.996492978749009e-01
2.020000000000000e-01 2.007419317139044e-01 2.006290653054594e-01
2.030000000000000e-01 2.017575016626161e-01 2.016086321069693e-01
2.040000000000000e-01 2.027589709576509e-01 2.025879972998638e-01
2.050000000000000e-01 2.037461293641063e-01 2.035671599047780e-01
2.060000000000000e-01 2.047187666470796e-01 2.045461189425492e-01
2.070000000000000e-01 2.056766725716682e-01 2.055248734342185e-01
2.080000000000000e-01 2.066196369029695e-01 2.065034224010315e-01
2.090000000000000e-01 2.075474494060808e-01 2.074817648644393e-01
2.100000000000000e-01 2.084598998460996e-01 2.084598998460996e-01
2.100000000000000e-01 2.084598998460996e-01 2.084598998460996e-01
2.110000000000000e-01 2.095107602853200e-01 2.094378263678773e-01
2.120000000000000e-01 2.105458173492867e-01 2.104155434518462e-01
2.130000000000000e-01 2.115648399607412e-01 2.113930501202891e-01
2.140000000000000e-01 2.125675970424251e-01 2.123703453956995e-01
2.150000000000000e-01 2.135538575170798e-01 2.133474283007823e-01
2.160000000000000e-01 2.145233903074469e-01 2.143242978584545e-01
2.170000000000000e-01 2.154759643362678e-01 2.153009530918467e-01
2.180000000000000e-01 2.164113485262842e-01 2.162773930243038e-01
2.190000000000000e-01 2.173293118002375e-01 2.172536166793858e-01
2.200000000000000e-01 2.182296230808693e-01 2.182296230808693e-01
2.200000000000000e-01 2.182296230808693e-01 2.182296230808693e-01
2.210000000000000e-01 2.192890597324968e-01 2.192054112527479e-01
2.220000000000000e-01 2.203303604172664e-01 2.201809802192335e-01
2.230000000000000e-01 2.213532722389001e-01 2.211563290047573e-01
2.240000000000000e-01 2.223575423011201e-01 2.221314566339704e-01
2.250000000000000e-01 2.233429177076484e-01 2.231063621317455e-01
2.260000000000000e-01 2.243091455622072e-01 2.240810445231770e-01
2.270000000000000e-01 2.252559729685184e-01 2.250555028335826e-01
2.280000000000000e-01 2.261831470303043e-01 2.260297360885042e-01
2.290000000000000e-01 2.270904148512870e-01 2.270037433137085e-01
2.300000000000000e-01 2.279775235351884e-01 2.279775235351884e-01
2.300000000000000e-01 2.279775235351884e-01 2.279775235351884e-01
2.310000000000000e-01 2.290464368553404e-01 2.289510757791638e-01
2.320000000000000e-01 2.300946624523854e-01 2.299243990720825e-01
2.330000000000000e-01 2.311219246365753e-01 2.308974924406212e-01
2.340000000000000e-01 2.321279477181622e-01 2.318703549116868e-01
2.350000000000000e-01 2.331124560073981e-01 2.328429855124168e-01
2.360000000000000e-01 2.340751738145352e-01 2.338153832701807e-01
2.370000000000000e-01 2.350158254498253e-01 2.347875472125808e-01
2.380000000000000e-01 2.359341352235206e-01 2.357594763674532e-01
2.390000000000000e-01 2.368298274458730e-01 2.367311697628689e-01
2.400000000000000e-01 2.377026264271346e-01 2.377026264271346e-01
2.400000000000000e-01 2.377026264271346e-01 2.377026264271346e-01
2.410000000000000e-01 2.387819609119851e-01 2.386738453887937e-01
2.420000000000000e-01 2.398378270106431e-01 2.396448256766272e-01
2.430000000000000e-01 2.408699252677548e-01 2.406155663196551e-01
2.440000000000000e-01 2.418779562279665e-01 2.415860663471367e-01
2.450000000000000e-01 2.428616204359242e-01 2.425563247885721e-01
2.460000000000000e-01 2.438206184362743e-01 2.435263406737029e-01
2.470000000000000e-01 2.447546507736630e-01 2.444961130325133e-01
2.480000000000000e-01 2.456634179927365e-01 2.454656408952310e-01
2.490000000000000e-01 2.465466206381411e-01 2.464349232923284e-01
2.500000000000000e-01 2.474039592545230e-01 2.474039592545229e-01
2.500000000000000e-01 2.474039592545229e-01 2.474039592545229e-01
2.510000000000000e-01 2.484947033441696e-01 2.483727478127788e-01
2.520000000000000e-01 2.495589597587618e-01 2.493412879983077e-01
2.530000000000000e-01 2.505964043076210e-01 2.503095788425693e-01
2.540000000000000e-01 2.516067128000695e-01 2.512776193772729e-01
2.550000000000000e-01 2.525895610454288e-01 2.522454086343781e-01
2.560000000000000e-01 2.535446248530210e-01 2.532129456460956e-01
2.570000000000000e-01 2.544715800321679e-01 2.541802294448887e-01
2.580000000000000e-01 2.553701023921913e-01 2.551472590634734e-01
2.590000000000000e-01 2.562398677424131e-01 2.561140335348204e-01
2.600000000000000e-01 2.570805518921551e-01 2.570805518921551e-01
2.600000000000000e-01 2.570805518921551e-01 2.570805518921551e-01
2.610000000000000e-01 2.581837378698529e-01 2.580468131689594e-01
2.620000000000000e-01 2.592571685631916e-01 2.590128163989720e-01
2.630000000000000e-01 2.603004940789700e-01 2.599785606161898e-01
2.640000000000000e-01 2.613133645239870e-01 2.609440448548687e-01
2.650000000000000e-01 2.622954300050412e-01 2.619092681495244e-01
2.660000000000000e-01 2.632463406289318e-01 2.628742295349339e-01
2.670000000000000e-01 2.641657465024572e-01 2.638389280461357e-01
2.680000000000000e-01 2.650532977324163e-01 2.648033627184314e-01
2.690000000000000e-01 2.659086444256080e-01 2.657675325873865e-01
2.700000000000000e-01 2.667314366888311e-01 2.667314366888311e-01
2.700000000000000e-01 2.667314366888311e-01 2.667314366888311e-01
2.710000000000000e-01 2.678481405755727e-01 2.676950740588613e-01
2.720000000000000e-01 2.689315635788446e-01 2.686584437338398e-01
2.730000000000000e-01 2.699813291383467e-01 2.696215447503968e-01
2.740000000000000e-01 2.709970606937790e-01 2.705843761454317e-01
2.750000000000000e-01 2.719783816848419e-01 2.715469369561129e-01
2.760000000000000e-01 2.729249155512352e-01 2.725092262198798e-01
2.770000000000000e-01 2.738362857326589e-01 2.734712429744431e-01
2.780000000000000e-01 2.747121156688133e-01 2.744329862577863e-01
2.790000000000000e-01 2.755520287993982e-01 2.753944551081661e-01
2.800000000000000e-01 2.763556485641138e-01 2.763556485641138e-01
2.800000000000000e-01 2.763556485641138e-01 2.763556485641138e-01
2.810000000000000e-01 2.774869900085353e-01 2.773165656644359e-01
2.820000000000000e-01 2.785812573375397e-01 2.782772054482154e-01
2.830000000000000e-01 2.796380463618795e-01 2.792375669548127e-01
2.840000000000000e-01 2.806569528923067e-01 2.801976492238663e-01
2.850000000000000e-01 2.816375727395737e-01 2.811574512952941e-01
2.860000000000000e-01 2.825795017144329e-01 2.821169722092939e-01
2.870000000000000e-01 2.834823356276364e-01 2.830762110063451e-01
2.880000000000000e-01 2.843456702899365e-01 2.840351667272089e-01
2.890000000000000e-01 2.851691015120854e-01 2.849938384129295e-01
2.900000000000000e-01 2.859522251048355e-01 2.859522251048356e-01
2.900000000000000e-01 2.859522251048355e-01 2.859522251048355e-01
2.910000000000000e-01 2.870993672684208e-01 2.869103258445403e-01
2.920000000000000e-01 2.882053648361458e-01 2.878681396739431e-01
2.930000000000000e-01 2.892697850307970e-01 2.888256656352302e-01
2.940000000000000e-01 2.902921950751606e-01 2.897829027708758e-01
2.950000000000000e-01 2.912721621920230e-01 2.907398501236427e-01
2.960000000000000e-01 2.922092536041706e-01 2.916965067365838e-01
2.970000000000000e-01 2.931030365343897e-01 2.926528716530424e-01
2.980000000000000e-01 2.939530782054667e-01 2.936089439166538e-01
2.990000000000000e-01 2.947589458401879e-01 2.945647225713457e-01
3.000000000000000e-01 2.955202066613395e-01 2.955202066613395e-01
3.000000000000000e-01 2.955202066613395e-01 2.955202066613395e-01
3.010000000000000e-01 2.966843560988952e-01 2.964753952311514e-01
3.020000000000000e-01 2.978030036244059e-01 2.974302873255927e-01
3.030000000000000e-01 2.988756869166097e-01 2.983848819897715e-01
3.040000000000000e-01 2.999019436542446e-01 2.993391782690932e-01
3.050000000000000e-01 3.008813115160489e-01 3.002931752092615e-01
3.060000000000000e-01 3.018133281807606e-01 3.012468718562797e-01
3.070000000000000e-01 3.026975313271178e-01 3.022002672564510e-01
3.080000000000000e-01 3.035334586338586e-01 3.031533604563804e-01
3.090000000000000e-01 3.043206477797211e-01 3.041061505029745e-01
3.100000000000000e-01 3.050586364434435e-01 3.050586364434435e-01
3.100000000000000e-01 3.050586364434435e-01 3.050586364434435e-01
3.110000000000000e-01 3.062410429788116e-01 3.060108173253014e-01
3.120000000000000e-01 3.073732938924267e-01 3.069626921963676e-01
3.130000000000000e-01 3.084548963659377e-01 3.079142601047671e-01
3.140000000000000e-01 3.094853575809937e-01 3.088655200989321e-01
3.150000000000000e-01 3.104641847192436e-01 3.098164712276029e-01
3.160000000000000e-01 3.113908849623364e-01 3.107671125398281e-01
3.170000000000000e-01 3.122649654919213e-01 3.117174430849668e-01
3.180000000000000e-01 3.130859334896471e-01 3.126674619126883e-01
3.190000000000000e-01 3.138532961371630e-01 3.136171680729740e-01
3.200000000000000e-01 3.145665606161178e-01 3.145665606161178e-01
3.200000000000000e-01 3.145665606161178e-01 3.145665606161178e-01
3.210000000000000e-01 3.157685172130904e-01 3.155156385927271e-01
3.220000000000000e-01 3.169153585578180e-01 3.164644010537241e-01
3.230000000000000e-01 3.180065603849678e-01 3.174128470503465e-01
3.240000000000000e-01 3.190415984292068e-01 3.183609756341483e-01
3.250000000000000e-01 3.200199484252020e-01 3.193087858570010e-01
3.260000000000000e-01 3.209410861076205e-01 3.202562767710944e-01
3.270000000000000e-01 3.218044872111294e-01 3.212034474289377e-01
3.280000000000000e-01 3.226096274703956e-01 3.221502968833604e-01
3.290000000000000e-01 3.233559826200862e-01 3.230968241875130e-01
3.300000000000000e-01 3.240430283948684e-01 3.240430283948684e-01
3.300000000000000e-01 3.240430283948684e-01 3.240430283948684e-01
3.310000000000000e-01 3.252658710232629e-01 3.249889085592224e-01
3.320000000000000e-01 3.264283233524636e-01 3.259344637346948e-01
3.330000000000000e-01 3.275298287235182e-01 3.268796929757308e-01
3.340000000000000e-01 3.285698304774743e-01 3.278245953371010e-01
3.350000000000000e-01 3.295477719553798e-01 3.287691698739031e-01
3.360000000000000e-01 3.304630964982822e-01 3.297134156415628e-01
3.370000000000000e-01 3.313152474472292e-01 3.306573316958343e-01
3.380000000000000e-01 3.321036681432684e-01 3.316009170928018e-01
3.390000000000000e-01 3.328278019274476e-01 3.325441708888797e-01
3.400000000000000e-01 3.334870921408144e-01 3.334870921408144e-01
3.400000000000000e-01 3.334870921408144e-01 3.334870921408144e-01
3.410000000000000e-01 3.347321996376653e-01 3.344296799056848e-01
3.420000000000000e-01 3.359113169089063e-01 3.353719332409032e-01
3.430000000000000e-01 3.370238539586922e-01 3.363138512042163e-01
3.440000000000000e-01 3.380692207911777e-01 3.372554328537061e-01
3.450000000000000e-01 3.390468274105176e-01 3.381966772477913e-01
3.460000000000000e-01 3.399560838208668e-01 3.391375834452274e-01
3.470000000000000e-01 3.407964000263800e-01 3.400781505051083e-01
3.480000000000000e-01 3.415671860312119e-01 3.410183774868670e-01
3.490000000000000e-01 3.422678518395175e-01 3.419582634502767e-01
3.500000000000000e-01 3.428978074554515e-01 3.428978074554514e-01
3.500000000000000e-01 3.428978074554514e-01 3.428978074554514e-01
3.510000000000000e-01 3.441666013812686e-01 3.438370085628472e-01
3.520000000000000e-01 3.453634708463310e-01 3.447758658332631e-01
3.530000000000000e-01 3.464877915781004e-01 3.457143783278420e-01
3.540000000000000e-01 3.475389393040389e-01 3.466525451080713e-01
3.550000000000000e-01 3.485162897516084e-01 3.475903652357843e-01
3.560000000000000e-01 3.494192186482709e-01 3.485278377731612e-01
3.570000000000000e-01 3.502471017214883e-01 3.494649617827292e-01
3.580000000000000e-01 3.509993146987226e-01 3.504017363273646e-01
3.590000000000000e-01 3.516752333074359e-01 3.513381604702929e-01
3.600000000000000e-01 3.522742332750899e-01 3.522742332750900e-01
3.600000000000000e-01 3.522742332750899e-01 3.522742332750899e-01
3.610000000000000e-01 3.535681777651288e-01 3.532099538056832e-01
3.620000000000000e-01 3.547839198561241e-01 3.541453211263519e-01
3.630000000000000e-01 3.559208000626295e-01 3.550803343017291e-01
3.640000000000000e-01 3.569781588991989e-01 3.560149923968016e-01
3.650000000000000e-01 3.579553368803857e-01 3.569492944769114e-01
3.660000000000000e-01 3.588516745207438e-01 3.578832396077564e-01
3.670000000000000e-01 3.596665123348268e-01 3.588168268553916e-01
3.680000000000000e-01 3.603991908371884e-01 3.597500552862299e-01
3.690000000000000e-01 3.610490505423822e-01 3.606829239670429e-01
3.700000000000000e-01 3.616154319649620e-01 3.616154319649620e-01
3.700000000000000e-01 3.616154319649620e-01 3.616154319649620e-01
3.710000000000000e-01 3.629360335754449e-01 3.625475783474792e-01
3.720000000000000e-01 3.641718017869942e-01 3.634793621824483e-01
3.730000000000000e-01 3.653220409687364e-01 3.644107825380855e-01
3.740000000000000e-01 3.663860554897985e-01 3.653418384829706e-01
3.750000000000000e-01 3.673631497193072e-01 3.662725290860476e-01
3.760000000000000e-01 3.682526280263890e-01 3.672028534166260e-01
3.770000000000000e-01 3.690537947801707e-01 3.681328105443816e-01
3.780000000000000e-01 3.697659543497791e-01 3.690623995393574e-01
3.790000000000000e-01 3.703884111043408e-01 3.699916194719644e-01
3.800000000000000e-01 3.709204694129827e-01 3.709204694129827e-01
3.800000000000000e-01 3.709204694129827e-01 3.709204694129827e-01
3.810000000000000e-01 3.722692769622074e-01 3.718489484335625e-01
3.820000000000000e-01 3.735262577296304e-01 3.727770556052249e-01
3.830000000000000e-01 3.746906790102437e-01 3.737047899998627e-01
3.840000000000000e-01 3.757618080990388e-01 3.746321506897417e-01
3.850000000000000e-01 3.767389122910074e-01 3.755591367475012e-01
3.860000000000000e-01 3.776212588811412e-01 3.764857472461553e-01
3.870000000000000e-01 3.784081151644318e-01 3.774119812590935e-01
3.880000000000000e-01 3.790987484358709e-01 3.783378378600818e-01
3.890000000000000e-01 3.796924259904502e-01 3.792633161232639e-01
3.900000000000000e-01 3.801884151231614e-01 3.801884151231614e-01
3.900000000000000e-01 3.801884151231614e-01 3.801884151231614e-01
3.910000000000000e-01 3.815670195274231e-01 3.811131339346756e-01
3.920000000000000e-01 3.828464321008829e-01 3.820374716330874e-01
3.930000000000000e-01 3.840258821396156e-01 3.829614272940596e-01
3.940000000000000e-01 3.851045989396956e-01 3.838849999936363e-01
3.950000000000000e-01 3.860818117971977e-01 3.848081888082450e-01
3.960000000000000e-01 3.869567500081964e-01 3.857309928146970e-01
3.970000000000000e-01 3.877286428687664e-01 3.866534110901884e-01
3.980000000000000e-01 3.883967196749824e-01 3.875754427123008e-01
3.990000000000000e-01 3.889602097229188e-01 3.884970867590029e-01
4.000000000000000e-01 3.894183423086505e-01 3.894183423086505e-01
4.000000000000000e-01 3.894183423086505e-01 3.894183423086505e-01
4.010000000000000e-01 3.908283764129014e-01 3.903392084399883e-01
4.020000000000000e-01 3.921314727274410e-01 3.912596842321502e-01
4.030000000000000e-01 3.933268216286882e-01 3.921797687646605e-01
4.040000000000000e-01 3.944136134930619e-01 3.930994611174347e-01
4.050000000000000e-01 3.953910386969812e-01 3.940187603707804e-01
4.060000000000000e-01 3.962582876168650e-01 3.949376656053987e-01
4.070000000000000e-01 3.970145506291321e-01 3.958561759023843e-01
4.080000000000000e-01 3.976590181102015e-01 3.967742903432270e-01
4.090000000000000e-01 3.981908804364921e-01 3.976920080098124e-01
4.100000000000000e-01 3.986093279844229e-01 3.986093279844229e-01
4.100000000000000e-01 3.986093279844229e-01 3.986093279844229e-01
4.110000000000000e-01 4.000524663875836e-01 3.995262493497387e-01
4.120000000000000e-01 4.013805309289904e-01 4.004427711888384e-01
4.130000000000000e-01 4.025926721488307e-01 4.013588925852002e-01
4.140000000000000e-01 4.036880405872915e-01 4.022746126227030e-01
4.150000000000000e-01 4.046657867845601e-01 4.031899303856267e-01
4.160000000000000e-01 4.055250612808237e-01 4.041048449586535e-01
4.170000000000000e-01 4.062650146162692e-01 4.050193554268691e-01
4.180000000000000e-01 4.068847973310841e-01 4.059334608757630e-01
4.190000000000000e-01 4.073835599654553e-01 4.068471603912299e-01
4.200000000000000e-01 4.077604530595701e-01 4.077604530595702e-01
4.200000000000000e-01 4.077604530595701e-01 4.077604530595701e-01
4.210000000000000e-01 4.092384119344025e-01 4.086733379674914e-01
4.220000000000000e-01 4.105927616008287e-01 4.095858142021088e-01
4.230000000000000e-01 4.118226118505121e-01 4.104978808509461e-01
4.240000000000000e-01 4.129270724751161e-01 4.114095370019368e-01
4.250000000000000e-01 4.139052532663037e-01 4.123207817434247e-01
4.260000000000000e-01 4.147562640157383e-01 4.132316141641653e-01
4.270000000000000e-01 4.154792145150831e-01 4.141420333533262e-01
4.280000000000000e-01 4.160732145560012e-01 4.150520384004882e-01
4.290000000000000e-01 4.165373739301561e-01 4.159616283956463e-01
4.300000000000000e-01 4.168708024292108e-01 4.168708024292108e-01
4.300000000000000e-01 4.168708024292108e-01 4.168708024292108e-01
4.310000000000000e-01 4.183853393366536e-01 4.177795595920075e-01
4.320000000000000e-01 4.197673232959143e-01 4.186878989752795e-01
4.330000000000000e-01 4.210158224422474e-01 4.195958196706874e-01
4.340000000000000e-01 4.221299049109077e-01 4.205033207703106e-01
4.350000000000000e-01 4.231086388371498e-01 4.214104013666480e-01
4.360000000000000e-01 4.239510923562282e-01 4.223170605526193e-01
4.370000000000000e-01 4.246563336033977e-01 4.232232974215651e-01
4.380000000000000e-01 4.252234307139131e-01 4.241291110672488e-01
4.390000000000000e-01 4.256514518230288e-01 4.250345005838568e-01
4.400000000000000e-01 4.259394650659996e-01 4.259394650659996e-01
4.400000000000000e-01 4.259394650659996e-01 4.259394650659996e-01
4.410000000000000e-01 4.274923787638620e-01 4.268440036087128e-01
4.420000000000000e-01 4.289033783063290e-01 4.277481153074580e-01
4.430000000000000e-01 4.301714892688957e-01 4.286517992581236e-01
4.440000000000000e-01 4.312957372270571e-01 4.295550545570256e-01
4.450000000000000e-01 4.322751477563080e-01 4.304578803009089e-01
4.460000000000000e-01 4.331087464321435e-01 4.313602755869477e-01
4.470000000000000e-01 4.337955588300585e-01 4.322622395127468e-01
4.480000000000000e-01 4.343346105255480e-01 4.331637711763425e-01
4.490000000000000e-01 4.347249270941069e-01 4.340648696762031e-01
4.500000000000000e-01 4.349655341112302e-01 4.349655341112302e-01
4.500000000000000e-01 4.349655341112302e-01 4.349655341112302e-01
4.510000000000000e-01 4.365586643571275e-01 4.358657635807595e-01
4.520000000000000e-01 4.380000927441305e-01 4.367655571845614e-01
4.530000000000000e-01 4.392888013892854e-01 4.376649140228426e-01
4.540000000000000e-01 4.404237724096389e-01 4.385638331962463e-01
4.550000000000000e-01 4.414039879222369e-01 4.394623138058533e-01
4.560000000000000e-01 4.422284300441261e-01 4.403603549531830e-01
4.570000000000000e-01 4.428960808923526e-01 4.412579557401946e-01
4.580000000000000e-01 4.434059225839629e-01 4.421551152692872e-01
4.590000000000000e-01 4.437569372360031e-01 4.430518326433013e-01
4.600000000000000e-01 4.439481069655198e-01 4.439481069655198e-01
4.600000000000000e-01 4.439481069655198e-01 4.439481069655198e-01
4.610000000000000e-01 4.455833343139328e-01 4.448439373396683e-01
4.620000000000000e-01 4.470566366215709e-01 4.457393228699165e-01
4.630000000000000e-01 4.483669516531366e-01 4.466342626608789e-01
4.640000000000000e-01 4.495132171733321e-01 4.475287558176159e-01
4.650000000000000e-01 4.504943709468600e-01 4.484228014456345e-01
4.660000000000000e-01 4.513093507384226e-01 4.493163986508889e-01
4.670000000000000e-01 4.519570943127224e-01 4.502095465397821e-01
4.680000000000000e-01 4.524365394344616e-01 4.511022442191663e-01
4.690000000000000e-01 4.527466238683428e-01 4.519944907963439e-01
4.700000000000000e-01 4.528862853790683e-01 4.528862853790683e-01
4.700000000000000e-01 4.528862853790683e-01 4.528862853790683e-01
4.710000000000000e-01 4.545655309723945e-01 4.537776270755451e-01
4.720000000000000e-01 4.560721839306585e-01 4.546685149944327e-01
4.730000000000000e-01 4.574051367772517e-01 4.555589482448431e-01
4.740000000000000e-01 4.585632820355653e-01 4.564489259363432e-01
4.750000000000000e-01 4.595455122289905e-01 4.573384471789555e-01
4.760000000000000e-01 4.603507198809185e-01 4.582275110831587e-01
4.770000000000000e-01 4.609777975147406e-01 4.591161167598890e-01
4.780000000000000e-01 4.614256376538479e-01 4.600042633205408e-01
4.790000000000000e-01 4.616931328216315e-01 4.608919498769676e-01
4.800000000000000e-01 4.617791755414830e-01 4.617791755414829e-01
4.800000000000000e-01 4.617791755414829e-01 4.617791755414829e-01
4.810000000000000e-01 4.635044008949413e-01 4.626659394268611e-01
4.820000000000000e-01 4.650459127220369e-01 4.635522406463385e-01
4.830000000000000e-01 4.664025574209483e-01 4.644380783136139e-01
4.840000000000000e-01 4.675731813898539e-01 4.653234515428497e-01
4.850000000000000e-01 4.685566310269322e-01 4.662083594486727e-01
4.860000000000000e-01 4.693517527303615e-01 4.670928011461751e-01
4.870000000000000e-01 4.699573928983203e-01 4.679767757509153e-01
4.880000000000000e-01 4.703723979289870e-01 4.688602823789187e-01
4.890000000000000e-01 4.705956142205401e-01 4.697433201466789e-01
4.900000000000000e-01 4.706258881711580e-01 4.706258881711580e-01
4.900000000000000e-01 4.706258881711580e-01 4.706258881711580e-01
4.910000000000000e-01 4.723990949514013e-01 4.715079855697882e-01
4.920000000000000e-01 4.739770051831584e-01 4.723896114604721e-01
4.930000000000000e-01 4.753584182607002e-01 4.732707649615839e-01
4.940000000000000e-01 4.765421335782974e-01 4.741514451919702e-01
4.950000000000000e-01 4.775269505302207e-01 4.750316512709508e-01
4.960000000000000e-01 4.783116685107408e-01 4.759113823183197e-01
4.970000000000000e-01 4.788950869141282e-01 4.767906374543460e-01
4.980000000000000e-01 4.792760051346540e-01 4.776694157997745e-01
4.990000000000000e-01 4.794532225665887e-01 4.785477164758271e-01
5.000000000000000e-01 4.794255386042031e-01 4.794255386042030e-01
5.000000000000000e-01 4.794255386042030e-01 4.794255386042030e-01
5.010000000000000e-01 4.812487684014791e-01 4.803028813070803e-01
5.020000000000000e-01 4.828646477157247e-01 4.811797437071163e-01
5.030000000000000e-01 4.842719280639592e-01 4.820561249274487e-01
5.040000000000000e-01 4.854693609632019e-01 4.829320240916963e-01
5.050000000000000e-01 4.864556979304720e-01 4.838074403239602e-01
5.060000000000000e-01 4.872296904827887e-01 4.846823727488240e-01
5.070000000000000e-01 4.877900901371713e-01 4.855568204913554e-01
5.080000000000000e-01 4.881356484106392e-01 4.864307826771068e-01
5.090000000000000e-01 4.882651168202115e-01 4.873042584321161e-01
5.100000000000000e-01 4.881772468829075e-01 4.881772468829075e-01
5.100000000000000e-01 4.881772468829075e-01 4.881772468829075e-01
5.110000000000000e-01 4.900525809766059e-01 4.890497471564927e-01
5.120000000000000e-01 4.917080310123709e-01 4.899217583803716e-01
5.130000000000000e-01 4.931422997621264e-01 4.907932796825329e-01
5.140000000000000e-01 4.943540899977959e-01 4.916643101914553e-01
5.150000000000000e-01 4.953421044913033e-01 4.925348490361087e-01
5.160000000000000e-01 4.961050460145721e-01 4.934048953459539e-01
5.170000000000000e-01 4.966416173395263e-01 4.942744482509450e-01
5.180000000000000e-01 4.969505212380891e-01 4.951435068815290e-01
5.190000000000000e-01 4.970304604821848e-01 4.960120703686474e-01
5.200000000000000e-01 4.968801378437368e-01 4.968801378437367e-01
5.200000000000000e-01 4.968801378437367e-01 4.968801378437367e-01
5.210000000000000e-01 4.988096969611428e-01 4.977477084387296e-01
5.220000000000000e-01 5.005063501325649e-01 4.986147812860556e-01
5.230000000000000e-01 5.019687505226392e-01 4.994813555186418e-01
5.240000000000000e-01 5.031955512960017e-01 5.003474302699141e-01
5.250000000000000e-01 5.041854056172884e-01 5.012130046737979e-01
5.260000000000000e-01 5.049369666511353e-01 5.020780778647187e-01
5.270000000000000e-01 5.054488875621787e-01 5.029426489776035e-01
5.280000000000000e-01 5.057198215150542e-01 5.038067171478813e-01
5.290000000000000e-01 5.057484216743984e-01 5.046702815114839e-01
5.300000000000000e-01 5.055333412048469e-01 5.055333412048469e-01
5.300000000000000e-01 5.055333412048469e-01 5.055333412048469e-01
5.310000000000000e-01 5.075192852729195e-01 5.063958953649110e-01
5.320000000000000e-01 5.092588045776975e-01 5.072579431291219e-01
5.330000000000000e-01 5.107505018201459e-01 5.081194836354319e-01
5.340000000000000e-01 5.119929797012297e-01 5.089805160223007e-01
5.350000000000000e-01 5.129848409219139e-01 5.098410394286959e-01
5.360000000000000e-01 5.137246881831632e-01 5.107010529940940e-01
5.370000000000000e-01 5.142111241859431e-01 5.115605558584818e-01
5.380000000000000e-01 5.144427516312179e-01 5.124195471623563e-01
5.390000000000000e-01 5.144181732199531e-01 5.132780260467263e-01
5.400000000000000e-01 5.141359916531132e-01 5.141359916531132e-01
5.400000000000000e-01 5.141359916531132e-01 5.141359916531132e-01
5.410000000000000e-01 5.161805195430886e-01 5.149934431235511e-01
5.420000000000000e-01 5.179645983653343e-01 5.158503796005889e-01
5.430000000000000e-01 5.194867795067307e-01 5.167068002272901e-01
5.440000000000000e-01 5.207456143541576e-01 5.175627041472340e-01
5.450000000000000e-01 5.217396542944956e-01 5.184180905045170e-01
5.460000000000000e-01 5.224674507146250e-01 5.192729584437527e-01
5.470000000000000e-01 5.229275550014257e-01 5.201273071100732e-01
5.480000000000000e-01 5.231185185417782e-01 5.209811356491300e-01
5.490000000000000e-01 5.230388927225627e-01 5.218344432070944e-01
5.500000000000000e-01 5.226872289306592e-01 5.226872289306592e-01
5.500000000000000e-01 5.226872289306592e-01 5.226872289306592e-01
5.510000000000000e-01 5.247925781952766e-01 5.235394919670386e-01
5.520000000000000e-01 5.266229401026038e-01 5.243912314639697e-01
5.530000000000000e-01 5.281768138811587e-01 5.252424465697130e-01
5.540000000000000e-01 5.294526987594584e-01 5.260931364330534e-01
5.550000000000000e-01 5.304490939660207e-01 5.269433002033014e-01
5.560000000000000e-01 5.311644987293631e-01 5.277929370302931e-01
5.570000000000001e-01 5.315974122780029e-01 5.286420460643916e-01
5.580000000000001e-01 5.317463338404580e-01 5.294906264564881e-01
5.590000000000001e-01 5.316097626452455e-01 5.303386773580023e-01
5.600000000000001e-01 5.311861979208834e-01 5.311861979208834e-01
5.600000000000001e-01 5.311861979208834e-01 5.311861979208834e-01
5.610000000000001e-01 5.333546445240130e-01 5.320331872976108e-01
5.620000000000001e-01 5.352330430586935e-01 5.328796446411953e-01
5.630000000000001e-01 5.368198397571083e-01 5.337255691051795e-01
5.640000000000001e-01 5.381134808514407e-01 5.345709598436391e-01
5.650000000000001e-01 5.391124125738740e-01 5.354158160111834e-01
5.660000000000001e-01 5.398150811565915e-01 5.362601367629563e-01
5.670000000000001e-01 5.402199328317765e-01 5.371039212546371e-01
5.680000000000001e-01 5.403254138316123e-01 5.379471686424414e-01
5.690000000000001e-01 5.401299703882821e-01 5.387898780831220e-01
5.700000000000001e-01 5.396320487339693e-01 5.396320487339693e-01
5.700000000000001e-01 5.396320487339693e-01 5.396320487339693e-01
5.710000000000001e-01 5.418659067724165e-01 5.404736797528129e-01
5.720000000000001e-01 5.437941252364242e-01 5.413147702980217e-01
5.730000000000001e-01 5.454150965303528e-01 5.421553195285054e-01
5.740000000000001e-01 5.467272130585620e-01 5.429953266037146e-01
5.750000000000001e-01 5.477288672254120e-01 5.438347906836426e-01
5.760000000000001e-01 5.484184514352627e-01 5.446737109288252e-01
5.770000000000001e-01 5.487943580924743e-01 5.455120865003423e-01
5.780000000000001e-01 5.488549796014066e-01 5.463499165598183e-01
5.790000000000001e-01 5.485987083664196e-01 5.471872002694232e-01
5.800000000000001e-01 5.480239367918737e-01 5.480239367918737e-01
5.800000000000000e-01 5.480239367918736e-01 5.480239367918736e-01
5.810000000000000e-01 5.503255582091193e-01 5.488601252904327e-01
5.820000000000000e-01 5.523054094428774e-01 5.496957649289124e-01
5.830000000000000e-01 5.539618282448596e-01 5.505308548716729e-01
5.840000000000000e-01 5.552931523667776e-01 5.513653942836244e-01
5.850000000000000e-01 5.562977195603426e-01 5.521993823302276e-01
5.860000000000000e-01 5.569738675772666e-01 5.530328181774945e-01
5.870000000000000e-01 5.573199341692612e-01 5.538657009919893e-01
5.880000000000000e-01 5.573342570880377e-01 5.546980299408292e-01
5.890000000000000e-01 5.570151740853082e-01 5.555298041916854e-01
5.900000000000000e-01 5.563610229127838e-01 5.563610229127838e-01
5.900000000000000e-01 5.563610229127838e-01 5.563610229127838e-01
5.910000000000000e-01 5.587327972044110e-01 5.571916852729055e-01
5.920000000000000e-01 5.607661233590445e-01 5.580217904413884e-01
5.930000000000000e-01 5.624592836577732e-01 5.588513375881274e-01
5.940000000000000e-01 5.638105603816864e-01 5.596803258835754e-01
5.950000000000000e-01 5.648182358118734e-01 5.605087544987442e-01
5.960000000000000e-01 5.654805922294233e-01 5.613366226052051e-01
5.970000000000000e-01 5.657959119154251e-01 5.621639293750903e-01
5.980000000000000e-01 5.657624771509684e-01 5.629906739810929e-01
5.990000000000000e-01 5.653785702171420e-01 5.638168555964684e-01
6.000000000000000e-01 5.646424733950355e-01 5.646424733950354e-01
6.000000000000000e-01 5.646424733950354e-01 5.646424733950354e-01
6.010000000000000e-01 5.670868273055794e-01 5.654675265511759e-01
6.020000000000000e-01 5.691754996084692e-01 5.662920142398371e-01
6.030000000000000e-01 5.709067163032421e-01 5.671159356365312e-01
6.040000000000000e-01 5.722787033894349e-01 5.679392899173369e-01
6.050000000000000e-01 5.732896868665844e-01 5.687620762589001e-01
6.060000000000000e-01 5.739378927342279e-01 5.695842938384343e-01
6.070000000000000e-01 5.742215469919023e-01 5.704059418337222e-01
6.080000000000000e-01 5.741388756391447e-01 5.712270194231158e-01
6.090000000000000e-01 5.736881046754920e-01 5.720475257855376e-01
6.100000000000000e-01 5.728674601004814e-01 5.728674601004813e-01
6.100000000000000e-01 5.728674601004813e-01 5.728674601004813e-01
6.110000000000000e-01 5.753868573114299e-01 5.736868215480125e-01
6.120000000000000e-01 5.775327758248561e-01 5.745056093087701e-01
6.130000000000000e-01 5.793033845550586e-01 5.753238225639662e-01
6.140000000000000e-01 5.806968524163362e-01 5.761414604953877e-01
6.150000000000000e-01 5.817113483229875e-01 5.769585222853968e-01
6.160000000000000e-01 5.823450411893113e-01 5.777750071169316e-01
6.170000000000000e-01 5.825960999296064e-01 5.785909141735075e-01
6.180000000000000e-01 5.824626934581711e-01 5.794062426392174e-01
6.190000000000000e-01 5.819429906893046e-01 5.802209916987329e-01
6.200000000000000e-01 5.810351605373052e-01 5.810351605373051e-01
6.200000000000000e-01 5.810351605373051e-01 5.810351605373051e-01
6.210000000000000e-01 5.836321013459632e-01 5.818487483407652e-01
6.220000000000000e-01 5.858371947186108e-01 5.826617542955254e-01
6.230000000000000e-01 5.876485516880720e-01 5.834741775885799e-01
6.240000000000000e-01 5.890642832871702e-01 5.842860174075054e-01
6.250000000000000e-01 5.900825005487295e-01 5.850972729404622e-01
6.260000000000000e-01 5.907013145055732e-01 5.859079433761948e-01
6.270000000000000e-01 5.909188361905253e-01 5.867180279040328e-01
6.280000000000000e-01 5.907331766364097e-01 5.875275257138919e-01
6.290000000000000e-01 5.901424468760498e-01 5.883364359962742e-01
6.300000000000000e-01 5.891447579422695e-01 5.891447579422695e-01
6.300000000000000e-01 5.891447579422695e-01 5.891447579422695e-01
6.310000000000000e-01 5.918217789311911e-01 5.899524907435560e-01
6.320000000000000e-01 5.940880041422902e-01 5.907596335924009e-01
6.330000000000000e-01 5.959414859383414e-01 5.915661856816614e-01
6.340000000000000e-01 5.973802766821186e-01 5.923721462047856e-01
6.350000000000000e-01 5.984024287363964e-01 5.931775143558129e-01
6.360000000000000e-01 5.990059944639489e-01 5.939822893293754e-01
6.370000000000000e-01 5.991890262275503e-01 5.947864703206979e-01
6.380000000000000e-01 5.989495763899754e-01 5.955900565255997e-01
6.390000000000000e-01 5.982856973139977e-01 5.963930471404946e-01
6.400000000000000e-01 5.971954413623921e-01 5.971954413623921e-01
6.400000000000000e-01 5.971954413623921e-01 5.971954413623921e-01
6.410000000000000e-01 5.999551150590687e-01 5.979972383888980e-01
6.420000000000000e-01 6.022844571549236e-01 5.987984374182153e-01
6.430000000000000e-01 6.041814605619890e-01 5.995990376491450e-01
6.440000000000000e-01 6.056441181922969e-01 6.003990382810872e-01
6.450000000000000e-01 6.066704229578795e-01 6.011984385140411e-01
6.460000000000000e-01 6.072583677707692e-01 6.019972375486065e-01
6.470000000000000e-01 6.074059455429979e-01 6.027954345859846e-01
6.480000000000000e-01 6.071111491865977e-01 6.035930288279783e-01
6.490000000000000e-01 6.063719716136009e-01 6.043900194769934e-01
6.500000000000000e-01 6.051864057360397e-01 6.051864057360395e-01
6.500000000000000e-01 6.051864057360395e-01 6.051864057360395e-01
6.510000000000000e-01 6.080313402625236e-01 6.059821868087304e-01
6.520000000000000e-01 6.104258120851813e-01 6.067773618992848e-01
6.530000000000000e-01 6.123677538927190e-01 6.075719302125280e-01
6.540000000000000e-01 6.138550983738428e-01 6.083658909538915e-01
6.550000000000000e-01 6.148857782172585e-01 6.091592433294148e-01
6.560000000000000e-01 6.154577261116726e-01 6.099519865457456e-01
6.570000000000000e-01 6.155688747457909e-01 6.107441198101405e-01
6.580000000000000e-01 6.152171568083199e-01 6.115356423304666e-01
6.590000000000000e-01 6.144005049879655e-01 6.123265533152014e-01
6.600000000000000e-01 6.131168519734338e-01 6.131168519734338e-01
6.600000000000000e-01 6.131168519734338e-01 6.131168519734338e-01
6.610000000000000e-01 6.160496906855625e-01 6.139065375148653e-01
6.620000000000000e-01 6.185113325933597e-01 6.146956091498106e-01
6.630000000000000e-01 6.204996493979652e-01 6.154840660891978e-01
6.640000000000000e-01 6.220125128005183e-01 6.162719075445703e-01
6.650000000000000e-01 6.230477945021589e-01 6.170591327280867e-01
6.660000000000000e-01 6.236033662040263e-01 6.178457408525216e-01
6.670000000000000e-01 6.236770996072606e-01 6.186317311312672e-01
6.680000000000000e-01 6.232668664130012e-01 6.194171027783333e-01
6.690000000000000e-01 6.223705383223876e-01 6.202018550083481e-01
6.700000000000000e-01 6.209859870365596e-01 6.209859870365597e-01
6.700000000000000e-01 6.209859870365597e-01 6.209859870365597e-01
6.710000000000000e-01 6.240094081524320e-01 6.217694980788360e-01
6.720000000000000e-01 6.265402877321481e-01 6.225523873516660e-01
6.730000000000000e-01 6.285764357336263e-01 6.233346540721605e-01
6.740000000000000e-01 6.301156621147852e-01 6.241162974580530e-01
6.750000000000000e-01 6.311557768335433e-01 6.248973167276999e-01
6.760000000000000e-01 6.316945898478191e-01 6.256777111000822e-01
6.770000000000000e-01 6.317299111155309e-01 6.264574797948055e-01
6.780000000000000e-01 6.312595505945975e-01 6.272366220321013e-01
6.790000000000000e-01 6.302813182429372e-01 6.280151370328273e-01
6.800000000000000e-01 6.287930240184685e-01 6.287930240184686e-01
6.800000000000000e-01 6.287930240184686e-01 6.287930240184686e-01
6.810000000000000e-01 6.319097402358164e-01 6.295702822111382e-01
6.820000000000001e-01 6.345119520061535e-01 6.303469108335782e-01
6.830000000000001e-01 6.365974067973591e-01 6.311229091091598e-01
6.840000000000001e-01 6.381638520773125e-01 6.318982762618849e-01
6.850000000000001e-01 6.392090353138926e-01 6.326730115163863e-01
6.860000000000001e-01 6.397307039749789e-01 6.334471140979291e-01
6.870000000000001e-01 6.397266055284504e-01 6.342205832324105e-01
6.880000000000001e-01 6.391944874421863e-01 6.349934181463615e-01
6.890000000000001e-01 6.381320971840657e-01 6.357656180669473e-01
6.900000000000001e-01 6.365371822219680e-01 6.365371822219680e-01
6.900000000000001e-01 6.365371822219680e-01 6.365371822219680e-01
6.910000000000001e-01 6.397499403240485e-01 6.373081098398595e-01
6.920000000000001e-01 6.424256054301480e-01 6.380784001496943e-01
6.930000000000001e-01 6.445618617803839e-01 6.388480523811821e-01
6.940000000000001e-01 6.461563936148731e-01 6.396170657646708e-01
6.950000000000001e-01 6.472068851737329e-01 6.403854395311470e-01
6.960000000000001e-01 6.477110206970805e-01 6.411531729122371e-01
6.970000000000001e-01 6.476664844250331e-01 6.419202651402076e-01
6.980000000000001e-01 6.470709605977074e-01 6.426867154479665e-01
6.990000000000001e-01 6.459221334552210e-01 6.434525230690635e-01
7.000000000000001e-01 6.442176872376911e-01 6.442176872376911e-01
7.000000000000001e-01 6.442176872376911e-01 6.442176872376911e-01
7.010000000000001e-01 6.475292676873167e-01 6.449822071886852e-01
7.020000000000001e-01 6.502805335860113e-01 6.457460821575257e-01
7.030000000000001e-01 6.524691052177708e-01 6.465093113803380e-01
7.040000000000001e-01 6.540926028665909e-01 6.472718940938926e-01
7.050000000000001e-01 6.551486468164670e-01 6.480338295356073e-01
7.060000000000001e-01 6.556348573513947e-01 6.487951169435463e-01
7.070000000000001e-01 6.555488547553699e-01 6.495557555564224e-01
7.080000000000001e-01 6.548882593123883e-01 6.503157446135972e-01
7.090000000000001e-01 6.536506913064453e-01 6.510750833550815e-01
7.100000000000001e-01 6.518337710215366e-01 6.518337710215367e-01
7.100000000000000e-01 6.518337710215366e-01 6.518337710215366e-01
7.110000000000000e-01 6.552469875428443e-01 6.525918068542752e-01
7.120000000000000e-01 6.580760276783363e-01 6.533491900952613e-01
7.130000000000000e-01 6.603184470371677e-01 6.541059199871117e-01
7.140000000000000e-01 6.619718012284929e-01 6.548619957730966e-01
7.150000000000000e-01 6.630336458614665e-01 6.556174166971402e-01
7.160000000000000e-01 6.635015365452432e-01 6.563721820038219e-01
7.170000000000000e-01 6.633730288889778e-01 6.571262909383763e-01
7.180000000000000e-01 6.626456785018244e-01 6.578797427466945e-01
7.190000000000000e-01 6.613170409929381e-01 6.586325366753246e-01
7.200000000000000e-01 6.593846719714732e-01 6.593846719714731e-01
7.200000000000000e-01 6.593846719714731e-01 6.593846719714731e-01
7.210000000000000e-01 6.629023711190232e-01 6.601361478830046e-01
7.220000000000000e-01 6.658113845886694e-01 6.608869636584431e-01
7.230000000000000e-01 6.681092026059317e-01 6.616371185469732e-01
7.240000000000000e-01 6.697933153963301e-01 6.623866117984397e-01
7.250000000000000e-01 6.708612131853847e-01 6.631354426633497e-01
7.260000000000000e-01 6.713103861986152e-01 6.638836103928722e-01
7.270000000000000e-01 6.711383246615418e-01 6.646311142388397e-01
7.280000000000000e-01 6.703425187996844e-01 6.653779534537484e-01
7.290000000000000e-01 6.689204588385631e-01 6.661241272907590e-01
7.300000000000000e-01 6.668696350036979e-01 6.668696350036979e-01
7.300000000000000e-01 6.668696350036979e-01 6.668696350036979e-01
7.310000000000000e-01 6.704946957184810e-01 6.676144758470572e-01
7.320000000000000e-01 6.734859069283533e-01 6.683586490759965e-01
7.330000000000000e-01 6.758406927766282e-01 6.691021539463423e-01
7.340000000000000e-01 6.775564774066192e-01 6.698449897145899e-01
7.350000000000000e-01 6.786306849616394e-01 6.705871556379037e-01
7.360000000000000e-01 6.790607395850021e-01 6.713286509741178e-01
7.370000000000000e-01 6.788440654200207e-01 6.720694749817367e-01
7.380000000000000e-01 6.779780866100086e-01 6.728096269199367e-01
7.390000000000000e-01 6.764602272982789e-01 6.735491060485659e-01
7.400000000000000e-01 6.742879116281451e-01 6.742879116281451e-01
7.400000000000000e-01 6.742879116281451e-01 6.742879116281451e-01
7.410000000000000e-01 6.780232447800603e-01 6.750260429198689e-01
7.420000000000000e-01 6.810989030899459e-01 6.757634991856060e-01
7.430000000000000e-01 6.835122439308635e-01 6.765002796879002e-01
7.440000000000000e-01 6.852606246758743e-01 6.772363836899711e-01
7.450000000000000e-01 6.863414026980397e-01 6.779718104557149e-01
7.460000000000000e-01 6.867519353704210e-01 6.787065592497046e-01
7.470000000000000e-01 6.864895800660799e-01 6.794406293371915e-01
7.480000000000000e-01 6.855516941580773e-01 6.801740199841059e-01
7.490000000000000e-01 6.839356350194750e-01 6.809067304570569e-01
7.500000000000000e-01 6.816387600233341e-01 6.816387600233341e-01
7.500000000000000e-01 6.816387600233341e-01 6.816387600233341e-01
7.510000000000000e-01 6.854873079396905e-01 6.823701079509082e-01
7.520000000000000e-01 6.886496872971765e-01 6.831007735084312e-01
7.530000000000000e-01 6.911231880213988e-01 6.838307559652377e-01
7.540000000000000e-01 6.929051000379648e-01 6.845600545913451e-01
7.550000000000000e-01 6.939927132724808e-01 6.852886686574550e-01
7.560000000000000e-01 6.943833176505536e-01 6.860165974349532e-01
7.570000000000000e-01 6.940742030977903e-01 6.867438401959113e-01
7.580000000000000e-01 6.930626595397976e-01 6.874703962130864e-01
7.590000000000000e-01 6.913459769021824e-01 6.881962647599226e-01
7.600000000000000e-01 6.889214451105512e-01 6.889214451105513e-01
7.600000000000000e-01 6.889214451105513e-01 6.889214451105513e-01
7.610000000000000e-01 6.928861810901444e-01 6.896459365397924e-01
7.620000000000000e-01 6.961375796534454e-01 6.903697383231544e-01
7.630000000000000e-01 6.986728626125710e-01 6.910928497368356e-01
7.640000000000000e-01 7.004892517796383e-01 6.918152700577247e-01
7.650000000000000e-01 7.015839689667639e-01 6.925369985634013e-01
7.660000000000000e-01 7.019542359860648e-01 6.932580345321371e-01
7.670000000000000e-01 7.015972746496576e-01 6.939783772428961e-01
7.680000000000000e-01 7.005103067696594e-01 6.946980259753357e-01
7.690000000000000e-01 6.986905541581868e-01 6.954169800098072e-01
7.700000000000000e-01 6.961352386273567e-01 6.961352386273567e-01
7.700000000000000e-01 6.961352386273567e-01 6.961352386273567e-01
7.710000000000000e-01 7.002191664395964e-01 6.968528011097256e-01
7.720000000000000e-01 7.035619061886953e-01 6.975696667393515e-01
7.730000000000000e-01 7.061606109187535e-01 6.982858347993687e-01
7.740000000000000e-01 7.080124336738707e-01 6.990013045736093e-01
7.750000000000000e-01 7.091145274981469e-01 6.997160753466035e-01
7.760000000000000e-01 7.094640454356821e-01 7.004301464035808e-01
7.770000000000000e-01 7.090581405305761e-01 7.011435170304701e-01
7.780000000000000e-01 7.078939658269289e-01 7.018561865139006e-01
7.790000000000000e-01 7.059686743688401e-01 7.025681541412032e-01
7.800000000000000e-01 7.032794192004101e-01 7.032794192004101e-01
7.800000000000000e-01 7.032794192004101e-01 7.032794192004101e-01
7.810000000000000e-01 7.074855725692157e-01 7.039899809802566e-01
7.820000000000000e-01 7.109219989051739e-01 7.046998387701807e-01
7.830000000000000e-01 7.135857818416784e-01 7.054089918603247e-01
7.840000000000000e-01 7.154740050121235e-01 7.061174395415357e-01
7.850000000000000e-01 7.165837520499030e-01 7.068251811053660e-01
7.860000000000000e-01 7.169121065884111e-01 7.075322158440740e-01
7.870000000000000e-01 7.164561522610415e-01 7.082385430506252e-01
7.880000000000000e-01 7.152129727011884e-01 7.089441620186924e-01
7.890000000000000e-01 7.131796515422459e-01 7.096490720426565e-01
7.900000000000000e-01 7.103532724176078e-01 7.103532724176078e-01
7.900000000000000e-01 7.103532724176078e-01 7.103532724176078e-01
7.910000000000000e-01 7.146847144888224e-01 7.110567624393459e-01
7.920000000000000e-01 7.182171958199981e-01 7.117595414043808e-01
7.930000000000000e-01 7.209477300033976e-01 7.124616086099336e-01
7.940000000000000e-01 7.228733306312837e-01 7.131629633539371e-01
7.950000000000000e-01 7.239910112959186e-01 7.138636049350369e-01
7.960000000000000e-01 7.242977855895654e-01 7.145635326525910e-01
7.970000000000000e-01 7.237906671044865e-01 7.152627458066722e-01
7.980000000000000e-01 7.224666694329448e-01 7.159612436980670e-01
7.990000000000000e-01 7.203228061672027e-01 7.166590256282779e-01
8.000000000000000e-01 7.173560908995229e-01 7.173560908995228e-01
8.000000000000000e-01 7.173560908995228e-01 7.173560908995228e-01
8.010000000000000e-01 7.218159136941507e-01 7.180524388147366e-01
8.020000000000000e-01 7.254468410121929e-01 7.187480686775715e-01
8.030000000000000e-01 7.282458157867382e-01 7.194429797923976e-01
8.040000000000000e-01 7.302097809508763e-01 7.201371714643038e-01
8.050000000000000e-01 7.313356794376961e-01 7.208306429990985e-01
8.060000000000000e-01 7.316204541802869e-01 7.215233937033104e-01
8.070000000000001e-01 7.310610481117376e-01 7.222154228841886e-01
8.080000000000001e-01 7.296544041651377e-01 7.229067298497043e-01
8.090000000000001e-01 7.273974652735763e-01 7.235973139085502e-01
8.100000000000001e-01 7.242871743701426e-01 7.242871743701426e-01
8.100000000000001e-01 7.242871743701426e-01 7.242871743701426e-01
8.110000000000001e-01 7.288784982123957e-01 7.249763105446209e-01
8.120000000000001e-01 7.326102846454381e-01 7.256647217428491e-01
8.130000000000001e-01 7.354794053388424e-01 7.263524072764160e-01
8.140000000000001e-01 7.374827319621811e-01 7.270393664576362e-01
8.150000000000001e-01 7.386171361850267e-01 7.277255985995505e-01
8.160000000000001e-01 7.388794896769517e-01 7.284111030159269e-01
8.170000000000001e-01 7.382666641075285e-01 7.290958790212609e-01
8.180000000000001e-01 7.367755311463299e-01 7.297799259307768e-01
8.190000000000001e-01 7.344029624629282e-01 7.304632430604274e-01
8.200000000000001e-01 7.311458297268959e-01 7.311458297268959e-01
8.200000000000001e-01 7.311458297268959e-01 7.311458297268959e-01
8.210000000000001e-01 7.358718026856894e-01 7.318276852475956e-01
8.220000000000001e-01 7.397068830737444e-01 7.325088089406711e-01
8.230000000000001e-01 7.426478707033809e-01 7.331892001249986e-01
8.240000000000001e-01 7.446915653869182e-01 7.338688581201871e-01
8.250000000000001e-01 7.458347669366761e-01 7.345477822465786e-01
8.260000000000001e-01 7.460742751649743e-01 7.352259718252491e-01
8.270000000000001e-01 7.454068898841324e-01 7.359034261780091e-01
8.280000000000001e-01 7.438294109064700e-01 7.365801446274042e-01
8.290000000000001e-01 7.413386380443070e-01 7.372561264967160e-01
8.300000000000001e-01 7.379313711099628e-01 7.379313711099628e-01
8.300000000000001e-01 7.379313711099628e-01 7.379313711099628e-01
8.310000000000001e-01 7.427951683071312e-01 7.386058777918999e-01
8.320000000000001e-01 7.467359986297896e-01 7.392796458680209e-01
8.330000000000001e-01 7.497505894632892e-01 7.399526746645575e-01
8.340000000000001e-01 7.518356681929816e-01 7.406249635084812e-01
8.350000000000001e-01 7.529879622042180e-01 7.412965117275031e-01
8.360000000000001e-01 7.532041988823498e-01 7.419673186500750e-01
8.370000000000001e-01 7.524811056127285e-01 7.426373836053901e-01
8.380000000000001e-01 7.508154097807055e-01 7.433067059233835e-01
8.390000000000001e-01 7.482038387716319e-01 7.439752849347329e-01
8.400000000000001e-01 7.446431199708593e-01 7.446431199708594e-01
8.400000000000000e-01 7.446431199708593e-01 7.446431199708593e-01
8.410000000000000e-01 7.496479433011246e-01 7.453102103639279e-01
8.420000000000000e-01 7.536970005896024e-01 7.459765554468482e-01
8.430000000000000e-01 7.567869462008529e-01 7.466421545532752e-01
8.440000000000000e-01 7.589144344994362e-01 7.473070070176099e-01
8.450000000000000e-01 7.600761198499122e-01 7.479711121749998e-01
8.460000000000000e-01 7.602686566168415e-01 7.486344693613399e-01
8.470000000000000e-01 7.594886991647840e-01 7.492970779132730e-01
8.480000000000000e-01 7.577329018583000e-01 7.499589371681906e-01
8.490000000000000e-01 7.549979190619495e-01 7.506200464642336e-01
8.500000000000000e-01 7.512804051402927e-01 7.512804051402927e-01
8.500000000000000e-01 7.512804051402927e-01 7.512804051402927e-01
8.510000000000000e-01 7.564294813662770e-01 7.519400125360092e-01
8.520000000000000e-01 7.605892617389616e-01 7.525988679917759e-01
8.530000000000000e-01 7.637563271657939e-01 7.532569708487372e-01
8.540000000000000e-01 7.659272585542203e-01 7.539143204487906e-01
8.550000000000000e-01 7.670986368116878e-01 7.545709161345863e-01
8.560000000000000e-01 7.672670428456430e-01 7.552267572495287e-01
8.570000000000000e-01 7.664290575635326e-01 7.558818431377767e-01
8.580000000000000e-01 7.645812618728037e-01 7.565361731442447e-01
8.590000000000000e-01 7.617202366809029e-01 7.571897466146026e-01
8.600000000000000e-01 7.578425628952770e-01 7.578425628952770e-01
8.600000000000000e-01 7.578425628952770e-01 7.578425628952770e-01
8.610000000000000e-01 7.631391477159877e-01 7.584946213334516e-01
8.620000000000000e-01 7.674121713462119e-01 7.591459212770680e-01
8.630000000000000e-01 7.706581402817412e-01 7.597964620748265e-01
8.640000000000000e-01 7.728735610183677e-01 7.604462430761862e-01
8.650000000000000e-01 7.740549400518830e-01 7.610952636313663e-01
8.660000000000000e-01 7.741987838780789e-01 7.617435230913461e-01
8.670000000000000e-01 7.733015989927474e-01 7.623910208078662e-01
8.680000000000000e-01 7.713598918916800e-01 7.630377561334292e-01
8.690000000000000e-01 7.683701690706686e-01 7.636837284212995e-01
8.700000000000000e-01 7.643289370255051e-01 7.643289370255051e-01
8.700000000000000e-01 7.643289370255051e-01 7.643289370255051e-01
8.710000000000000e-01 7.697762967578592e-01 7.649733813008374e-01
8.720000000000000e-01 7.741650868971630e-01 7.656170606028521e-01
8.730000000000000e-01 7.774917405787263e-01 7.662599742878700e-01
8.740000000000000e-01 7.797526909378587e-01 7.669021217129773e-01
8.750000000000000e-01 7.809443711098708e-01 7.675435022360271e-01
8.760000000000000e-01 7.810632142300722e-01 7.681841152156385e-01
8.770000000000000e-01 7.801056534337728e-01 7.688239600111986e-01
8.780000000000000e-01 7.780681218562826e-01 7.694630359828628e-01
8.790000000000000e-01 7.749470526329114e-01 7.701013424915553e-01
8.800000000000000e-01 7.707388788989693e-01 7.707388788989693e-01
8.800000000000000e-01 7.707388788989693e-01 7.707388788989693e-01
8.810000000000000e-01 7.763403556121841e-01 7.713756445675687e-01
8.820000000000000e-01 7.808475143645769e-01 7.720116388605878e-01
8.830000000000000e-01 7.842567085705869e-01 7.726468611420324e-01
8.840000000000000e-01 7.865642916446534e-01 7.732813107766802e-01
8.850000000000000e-01 7.877666170012151e-01 7.739149871300817e-01
8.860000000000000e-01 7.878600380547115e-01 7.745478895685606e-01
8.870000000000000e-01 7.868409082195813e-01 7.751800174592144e-01
8.880000000000000e-01 7.847055809102640e-01 7.758113701699153e-01
8.890000000000000e-01 7.814504095411985e-01 7.764419470693108e-01
8.900000000000000e-01 7.770717475268240e-01 7.770717475268238e-01
8.900000000000000e-01 7.770717475268238e-01 7.770717475268238e-01
8.910000000000000e-01 7.828305126272515e-01 7.777007709126542e-01
8.920000000000000e-01 7.874584355664183e-01 7.783290165977784e-01
8.930000000000000e-01 7.909518114139339e-01 7.789564839539509e-01
8.940000000000000e-01 7.933069352394072e-01 7.795831723537043e-01
8.950000000000000e-01 7.945201021124476e-01 7.802090811703504e-01
8.960000000000000e-01 7.945876071026647e-01 7.808342097779802e-01
8.970000000000000e-01 7.935057452796676e-01 7.814585575514654e-01
8.980000000000000e-01 7.912708117130653e-01 7.820821238664581e-01
8.990000000000000e-01 7.878791014724676e-01 7.827049080993922e-01
9.000000000000000e-01 7.833269096274834e-01 7.833269096274834e-01
9.000000000000000e-01 7.833269096274834e-01 7.833269096274834e-01
9.010000000000000e-01 7.892468800601669e-01 7.839481278287302e-01
9.020000000000000e-01 7.939988186235315e-01 7.845685620819146e-01
9.030000000000000e-01 7.975788799830353e-01 7.851882117666023e-01
9.040000000000000e-01 7.999832188041367e-01 7.858070762631435e-01
9.050000000000000e-01 8.012079897522936e-01 7.864251549526741e-01
9.060000000000000e-01 8.012493474929646e-01 7.870424472171151e-01
9.070000000000000e-01 8.001034466916075e-01 7.876589524391746e-01
9.080000000000000e-01 7.977664420136805e-01 7.882746700023473e-01
9.090000000000000e-01 7.942344881246421e-01 7.888895992909156e-01
9.100000000000000e-01 7.895037396899505e-01 7.895037396899505e-01
9.100000000000000e-01 7.895037396899505e-01 7.895037396899505e-01
9.110000000000000e-01 7.955861550905798e-01 7.901170905853113e-01
9.120000000000000e-01 8.004622489197952e-01 7.907296513636475e-01
9.130000000000000e-01 8.041283394863780e-01 7.913414214123982e-01
9.140000000000000e-01 8.065807450991093e-01 7.919524001197934e-01
9.150000000000000e-01 8.078157840667703e-01 7.925625868748546e-01
9.160000000000000e-01 8.078297746981424e-01 7.931719810673948e-01
9.170000000000000e-01 8.066190353020067e-01 7.937805820880202e-01
9.180000000000000e-01 8.041798841871447e-01 7.943883893281295e-01
9.190000000000000e-01 8.005086396623374e-01 7.949954021799157e-01
9.200000000000000e-01 7.956016200363661e-01 7.956016200363660e-01
9.200000000000000e-01 7.956016200363660e-01 7.956016200363660e-01
9.210000000000000e-01 8.018578133289593e-01 7.962070422912626e-01
9.220000000000000e-01 8.068698949417680e-01 7.968116683391833e-01
9.230000000000000e-01 8.106332099873903e-01 7.974154975755020e-01
9.240000000000000e-01 8.131431035784245e-01 7.980185293963895e-01
9.250000000000000e-01 8.143949208274687e-01 7.986207631988143e-01
9.260000000000000e-01 8.143840068471211e-01 7.992221983805422e-01
9.270000000000000e-01 8.131057067499800e-01 7.998228343401385e-01
9.280000000000000e-01 8.105553656486435e-01 8.004226704769670e-01
9.290000000000000e-01 8.067283286557099e-01 8.010217061911918e-01
9.300000000000000e-01 8.016199408837772e-01 8.016199408837772e-01
9.300000000000000e-01 8.016199408837772e-01 8.016199408837772e-01
9.310000000000000e-01 8.080236740053869e-01 8.022173739564884e-01
9.320000000000001e-01 8.131400140866156e-01 8.028140048118926e-01
9.330000000000001e-01 8.169675737534834e-01 8.034098328533589e-01
9.340000000000001e-01 8.195049656320099e-01 8.040048574850592e-01
9.350000000000001e-01 8.207508023482148e-01 8.045990781119691e-01
9.360000000000001e-01 8.207036965281185e-01 8.051924941398678e-01
9.370000000000001e-01 8.193622607977404e-01 8.057851049753396e-01
9.380000000000001e-01 8.167251077831004e-01 8.063769100257736e-01
9.390000000000001e-01 8.127908501102185e-01 8.069679086993646e-01
9.400000000000001e-01 8.075581004051142e-01 8.075581004051143e-01
9.400000000000001e-01 8.075581004051143e-01 8.075581004051143e-01
9.410000000000001e-01 8.142234459332749e-01 8.081474845528309e-01
9.420000000000001e-01 8.195749637060316e-01 8.087360605531302e-01
9.430000000000001e-01 8.235987053741831e-01 8.093238278174364e-01
9.440000000000001e-01 8.262807225885280e-01 8.099107857579821e-01
9.450000000000001e-01 8.276070669998646e-01 8.104969337878097e-01
9.460000000000001e-01 8.275637902589916e-01 8.110822713207710e-01
9.470000000000001e-01 8.261369440167076e-01 8.116667977715286e-01
9.480000000000001e-01 8.233125799238109e-01 8.122505125555560e-01
9.490000000000001e-01 8.190767496311001e-01 8.128334150891385e-01
9.500000000000001e-01 8.134155047893736e-01 8.134155047893737e-01
9.500000000000001e-01 8.134155047893737e-01 8.134155047893737e-01
9.510000000000001e-01 8.199329786843373e-01 8.139967810741719e-01
9.520000000000001e-01 8.250436512264279e-01 8.145772433622570e-01
9.530000000000001e-01 8.287800839609893e-01 8.151568910731665e-01
9.540000000000001e-01 8.311748384333657e-01 8.157357236272528e-01
9.550000000000001e-01 8.322604761889010e-01 8.163137404456835e-01
9.560000000000001e-01 8.320695587729390e-01 8.168909409504418e-01
9.570000000000001e-01 8.306346477308236e-01 8.174673245643271e-01
9.580000000000001e-01 8.279883046078992e-01 8.180428907109560e-01
9.590000000000001e-01 8.241630909495093e-01 8.186176388147625e-01
9.600000000000001e-01 8.191915683009982e-01 8.191915683009983e-01
9.600000000000000e-01 8.191915683009983e-01 8.191915683009983e-01
9.610000000000000e-01 8.271057121350317e-01 8.197646785957340e-01
9.620000000000000e-01 8.337647227164823e-01 8.203369691258595e-01
9.630000000000000e-01 8.390272142375446e-01 8.209084393190843e-01
9.640000000000000e-01 8.427518008904130e-01 8.214790886039380e-01
9.650000000000000e-01 8.447970968672824e-01 8.220489164097717e-01
9.660000000000000e-01 8.450217163603471e-01 8.226179221667576e-01
9.670000000000000e-01 8.432842735618016e-01 8.231861053058896e-01
9.680000000000000e-01 8.394433826638406e-01 8.237534652589852e-01
9.690000000000000e-01 8.333576578586586e-01 8.243200014586840e-01
9.700000000000000e-01 8.248857133384501e-01 8.248857133384501e-01
9.700000000000000e-01 8.248857133384501e-01 8.248857133384501e-01
9.710000000000000e-01 8.284486273072118e-01 8.254506003325716e-01
9.720000000000000e-01 8.299913585773439e-01 8.260146618761615e-01
9.730000000000000e-01 8.300213299730479e-01 8.265778974051583e-01
9.740000000000000e-01 8.290459643185263e-01 8.271403063563267e-01
9.750000000000000e-01 8.275726844379809e-01 8.277018881672576e-01
9.760000000000000e-01 8.261089131556141e-01 8.282626422763694e-01
9.770000000000000e-01 8.251620732956274e-01 8.288225681229079e-01
9.780000000000000e-01 8.252395876822233e-01 8.293816651469473e-01
9.790000000000000e-01 8.268488791396036e-01 8.299399327893907e-01
9.800000000000000e-01 8.304973704919706e-01 8.304973704919705e-01
9.800000000000000e-01 8.304973704919705e-01 8.304973704919705e-01
9.810000000000000e-01 8.511769936517525e-01 8.310539776972490e-01
9.820000000000000e-01 8.724889022831307e-01 8.316097538486190e-01
9.830000000000000e-01 8.925187591385125e-01 8.321646983903045e-01
9.840000000000000e-01 9.093522269703055e-01 8.327188107673610e-01
9.850000000000000e-01 9.210749685309174e-01 8.332720904256761e-01
9.860000000000000e-01 9.257726465727554e-01 8.338245368119701e-01
9.870000000000000e-01 9.215309238482270e-01 8.343761493737969e-01
9.880000000000000e-01 9.064354631097403e-01 8.349269275595438e-01
9.890000000000000e-01 8.785719271097021e-01 8.354768708184328e-01
9.900000000000000e-01 8.360259786005204e-01 8.360259786005205e-01
